1459947794687600 143.91851 69.128448 
1459947794700987 138.77585 69.127 
1459947794714398 141.41853 69.135692 
1459947794729308 145.73716 69.11671 
1459947794744650 145.44938 69.128603 
1459947794759047 145.391 69.112149 
1459947794772627 138.05899 69.116738 
1459947794788015 145.18282 69.124306 
1459947794802272 142.06998 69.140055 
1459947794817580 146.74781 69.117182 
1459947794832216 141.56513 69.123325 
1459947794847247 145.33738 69.120584 
1459947794861374 144.04965 69.127052 
1459947794876923 143.18953 69.122104 
1459947794893053 145.47434 69.123048 
1459947794907390 144.70024 69.131319 
1459947794921762 143.35814 69.125889 
1459947794937579 147.0936 69.124483 
1459947794953352 146.29003 69.122476 
1459947794968915 144.92182 69.134845 
1459947794983789 142.64327 69.135232 
1459947794998931 145.24318 69.126232 
1459947795014422 144.74877 69.119057 
1459947795028582 140.20078 69.128659 
1459947795042562 139.56883 69.110169 
1459947795057777 145.69952 69.1288 
1459947795072368 142.71266 69.128659 
1459947795088153 145.91858 69.128045 
1459947795103442 143.69299 69.107205 
1459947795118355 144.97737 69.117377 
1459947795134180 146.39433 69.136214 
1459947795149616 147.53215 69.12486 
1459947795164491 145.68573 69.105101 
1459947795180225 146.19887 69.093887 
1459947795196319 146.97963 69.114236 
1459947795211946 145.40763 69.13201 
1459947795225381 136.39913 69.133104 
1459947795239248 139.73524 69.133845 
1459947795254708 142.48474 69.121341 
1459947795271159 146.5803 69.107466 
1459947795285641 143.66951 69.125022 
1459947795301071 146.42769 69.122437 
1459947795316057 147.62187 69.116906 
1459947795332225 148.31503 69.120599 
1459947795348143 148.28129 69.122993 
1459947795363350 144.46692 69.122596 
1459947795379048 146.04957 69.106423 
1459947795394728 147.44748 69.130029 
1459947795408838 141.37726 69.089934 
1459947795424569 144.97475 69.107243 
1459947795439731 143.58495 69.122052 
1459947795456487 147.20261 69.132795 
1459947795472154 145.56238 69.121127 
1459947795488406 147.0118 69.13273 
1459947795504726 149.0553 69.131191 
1459947795520255 144.93667 69.131677 
1459947795535814 145.22298 69.125419 
1459947795552021 147.75655 69.120342 
1459947795566277 141.74781 69.125238 
1459947795582079 146.66786 69.122812 
1459947795596852 143.54018 69.125144 
1459947795611608 144.56352 69.132083 
1459947795627701 147.75553 69.126552 
1459947795643154 144.56544 69.124473 
1459947795658448 146.73318 69.129915 
1459947795672346 137.63889 69.101339 
1459947795687341 144.17429 69.141766 
1459947795702012 145.73437 69.142933 
1459947795716428 139.31805 69.124958 
1459947795732498 145.72888 69.113146 
1459947795746961 141.54789 69.130879 
1459947795762171 146.07656 69.117491 
1459947795776450 142.21909 69.126414 
1459947795791771 146.33308 69.133891 
1459947795807957 145.67099 69.118655 
1459947795820989 135.51227 69.109915 
1459947795836270 147.55272 69.117501 
1459947795850862 142.85412 69.128777 
1459947795866200 144.01002 69.119701 
1459947795881718 141.64765 69.132517 
1459947795896314 142.25623 69.131107 
1459947795911053 144.99263 69.123248 
1459947795925889 143.59928 69.135089 
1459947795940823 145.48526 69.124579 
1459947795955372 145.54976 69.109824 
1459947795970358 147.05531 69.127964 
1459947795985216 144.3727 69.118996 
1459947796000582 145.32772 69.110032 
1459947796015229 143.27204 69.127563 
1459947796030102 144.44375 69.116431 
1459947796045932 148.11164 69.119059 
1459947796061420 146.42094 69.125067 
1459947796076500 144.10167 69.119 
1459947796091448 145.15364 69.127995 
1459947796106833 144.79224 69.127959 
1459947796122288 147.80889 69.110985 
1459947796137234 144.90527 69.116548 
1459947796151455 139.35008 69.118157 
1459947796167051 145.77529 69.125112 
1459947796182602 144.67359 69.115441 
1459947796197268 143.44474 69.117377 
1459947796211711 142.13302 69.130243 
1459947796227323 143.44032 69.132491 
1459947796242547 145.44499 69.12602 
1459947796258136 146.20678 69.129825 
1459947796272789 145.26864 69.13501 
1459947796288319 146.99052 69.12259 
1459947796304991 148.42665 69.12445 
1459947796319828 148.15243 69.119444 
1459947796334866 146.45714 69.107136 
1459947796350478 147.34511 69.116347 
1459947796364296 142.32333 69.128631 
1459947796378545 144.15054 69.140901 
1459947796393708 145.19095 69.135822 
1459947796409131 145.92012 69.134065 
1459947796423671 144.29696 69.116163 
1459947796438199 143.11984 69.114552 
1459947796452278 141.67465 69.133331 
1459947796467096 148.11723 69.130848 
1459947796481812 143.15515 69.124793 
1459947796496807 143.77399 69.117525 
1459947796511809 145.67129 69.130383 
1459947796527474 145.66963 69.121897 
1459947796541721 145.47532 69.124578 
1459947796556621 143.40351 69.112825 
1459947796571651 142.18796 69.132964 
1459947796587340 147.95101 69.13198 
1459947796599686 138.39696 69.135551 
1459947796613179 135.18109 69.128489 
1459947796626661 140.10501 69.118557 
1459947796639132 130.44874 69.126026 
1459947796653186 139.87166 69.14211 
1459947796666356 135.95857 69.131269 
1459947796680751 142.63175 69.118604 
1459947796695912 145.76046 69.124686 
1459947796709651 140.50732 69.119133 
1459947796724808 146.13426 69.122599 
1459947796740503 144.69327 69.137272 
1459947796755177 146.36397 69.10784 
1459947796769488 144.60563 69.129463 
1459947796785090 145.32215 69.133723 
1459947796800531 148.03978 69.134453 
1459947796815587 147.46087 69.110351 
1459947796831293 145.92795 69.121476 
1459947796845830 140.63003 69.125333 
1459947796859512 140.29719 69.119488 
1459947796875202 146.50292 69.124439 
1459947796889229 140.01758 69.121741 
1459947796903591 144.56477 69.101644 
1459947796918608 145.54405 69.135038 
1459947796933443 142.64449 69.114643 
1459947796944316 118.39704 69.129043 
1459947796958261 144.30179 69.120094 
1459947796972205 142.43784 69.116366 
1459947796986513 140.03106 69.12445 
1459947797000359 142.13454 69.10813 
1459947797015121 144.24855 69.129269 
1459947797029417 140.86873 69.130678 
1459947797044708 145.35425 69.126517 
1459947797059691 138.30077 69.118058 
1459947797075135 145.72834 69.128652 
1459947797090489 145.565 69.126527 
1459947797107431 148.86459 69.140464 
1459947797122457 142.37119 69.112707 
1459947797136655 140.37442 69.120021 
1459947797151709 146.55453 69.130563 
1459947797166376 144.72971 69.133337 
1459947797181289 145.89285 69.113903 
1459947797195646 142.28015 69.129178 
1459947797210235 144.72076 69.126772 
1459947797224708 143.59403 69.118607 
1459947797240200 143.95299 69.119463 
1459947797253807 141.76953 69.12162 
1459947797268310 141.50397 69.131072 
1459947797284332 145.30055 69.130598 
1459947797298796 140.34901 69.133215 
1459947797314196 147.44536 69.125892 
1459947797329327 142.86715 69.137596 
1459947797344653 147.27006 69.115294 
1459947797360378 148.32932 69.131451 
1459947797375030 144.79883 69.107091 
1459947797389552 144.92304 69.125137 
1459947797403209 142.29052 69.112803 
1459947797416962 138.23863 69.134458 
1459947797431207 144.60846 69.135993 
1459947797444270 139.21673 69.120646 
1459947797458843 143.73771 69.12903 
1459947797473126 144.96705 69.135433 
1459947797485227 134.34145 69.123067 
1459947797498677 134.83412 69.110325 
1459947797514679 147.1175 69.129352 
1459947797529801 145.64017 69.108601 
1459947797543398 142.0989 69.115691 
1459947797558863 143.5777 69.125978 
1459947797574077 146.30939 69.10249 
1459947797589530 147.31208 69.12383 
1459947797604084 142.98273 69.121346 
1459947797619333 143.92079 69.134125 
1459947797634871 147.8254 69.12851 
1459947797650931 149.47954 69.136472 
1459947797666352 145.66923 69.132172 
1459947797681835 148.24346 69.124184 
1459947797697159 146.95314 69.131464 
1459947797712358 146.76285 69.129658 
1459947797727953 147.96977 69.129464 
1459947797742250 143.87643 69.134918 
1459947797757431 146.90281 69.106363 
1459947797772782 144.66947 69.133233 
1459947797787327 144.61309 69.137831 
1459947797801263 136.95372 69.139178 
1459947797816643 145.27482 69.130579 
1459947797832214 146.88659 69.114984 
1459947797846830 142.16296 69.127891 
1459947797862387 145.63665 69.122 
1459947797878157 147.83176 69.1266 
1459947797891532 141.88426 69.13212 
1459947797907588 149.02441 69.128628 
1459947797923674 145.53602 69.118156 
1459947797938503 142.97192 69.135518 
1459947797954278 146.65913 69.108787 
1459947797969290 144.91082 69.120551 
1459947797985027 146.44489 69.130577 
1459947798000974 143.9025 69.127315 
1459947798015920 142.64269 69.126988 
1459947798032057 146.33476 69.111795 
1459947798046733 139.37562 69.125633 
1459947798062806 147.85149 69.12565 
1459947798077947 144.50997 69.126141 
1459947798092854 141.96965 69.136876 
1459947798107905 140.62141 69.120303 
1459947798122741 145.36476 69.128163 
1459947798138486 147.57283 69.131054 
1459947798154272 144.92171 69.113952 
1459947798169132 142.2352 69.127693 
1459947798184809 144.75848 69.131152 
1459947798200793 147.5789 69.137218 
1459947798216986 148.76459 69.107955 
1459947798232078 144.92973 69.126868 
1459947798245317 142.22315 69.131943 
1459947798259471 142.07401 69.128893 
1459947798274795 143.91425 69.11494 
1459947798290584 148.58429 69.128602 
1459947798316378 146.20458 69.122632 
1459947798333253 147.9478 69.12849 
1459947798349481 147.85931 69.119902 
1459947798364731 143.88713 69.128526 
1459947798380063 144.44159 69.102298 
1459947798395538 145.78138 69.130881 
1459947798410407 146.48647 69.136512 
1459947798426117 147.879 69.115071 
1459947798441486 143.06558 69.127081 
1459947798457711 147.34899 69.114398 
1459947798473555 145.91688 69.134987 
1459947798487319 136.65591 69.124695 
1459947798502508 146.45735 69.130567 
1459947798517416 146.99626 69.115181 
1459947798534000 147.87704 69.12631 
1459947798549276 144.72635 69.116781 
1459947798564637 144.9985 69.119206 
1459947798580618 147.60705 69.13003 
1459947798594854 140.56693 69.127433 
1459947798607901 134.30341 69.111905 
1459947798623359 146.23381 69.120014 
1459947798639421 145.60879 69.119069 
1459947798655764 145.58027 69.12692 
1459947798671096 145.96084 69.140509 
1459947798686834 144.82006 69.129764 
1459947798702806 146.02351 69.136966 
1459947798719091 147.8485 69.109429 
1459947798734953 146.49461 69.115694 
1459947798750010 145.88494 69.13913 
1459947798763874 140.21252 69.127845 
1459947798778075 143.29941 69.122753 
1459947798792883 144.60643 69.129378 
1459947798808871 146.82184 69.110289 
1459947798823894 143.09437 69.127613 
1459947798839703 144.76049 69.131014 
1459947798856137 145.30918 69.132614 
1459947798872212 147.00465 69.139377 
1459947798889441 149.29854 69.121923 
1459947798905265 146.84566 69.129286 
1459947798921684 149.16114 69.142317 
1459947798937333 147.63824 69.104698 
1459947798952380 144.78344 69.115972 
1459947798968182 147.90028 69.128281 
1459947798983672 145.02519 69.129797 
1459947798999654 148.00138 69.098241 
1459947799015285 146.25846 69.109789 
1459947799030018 143.58837 69.129671 
1459947799046880 149.02639 69.113974 
1459947799063055 147.64332 69.112363 
1459947799079912 148.85904 69.124066 
1459947799096289 148.46137 69.135554 
1459947799112130 148.18539 69.124123 
1459947799127447 146.10874 69.117223 
1459947799143077 144.90789 69.130352 
1459947799159319 147.80403 69.130006 
1459947799176108 149.8905 69.122221 
1459947799191261 140.81909 69.111359 
1459947799206719 148.44728 69.122278 
1459947799222238 145.89496 69.12531 
1459947799237959 148.17183 69.118915 
1459947799253900 148.04264 69.109358 
1459947799268659 143.97615 69.108366 
1459947799282983 142.58619 69.131056 
1459947799298901 145.70569 69.136201 
1459947799314177 147.99842 69.123895 
1459947799330010 149.05094 69.09944 
1459947799345099 144.2316 69.133275 
1459947799360979 147.49852 69.129285 
1459947799375456 141.37126 69.131208 
1459947799390871 145.27465 69.115207 
1459947799406179 146.55904 69.119527 
1459947799422386 148.04861 69.129315 
1459947799437274 143.49636 69.11757 
1459947799451455 142.47894 69.106697 
1459947799465716 138.10217 69.12424 
1459947799481527 146.61613 69.123978 
1459947799496909 146.6664 69.120402 
1459947799511662 140.09715 69.104666 
1459947799525145 130.80558 69.130081 
1459947799540515 148.01418 69.113894 
1459947799555284 145.67281 69.123434 
1459947799572143 150.20123 69.114932 
1459947799586110 143.58966 69.128864 
1459947799600769 144.32244 69.130243 
1459947799616267 147.84841 69.131301 
1459947799631310 143.84237 69.124638 
1459947799647139 146.04987 69.130467 
1459947799663396 146.61077 69.121773 
1459947799678453 145.86085 69.129426 
1459947799694175 146.40082 69.109307 
1459947799709861 148.37252 69.127015 
1459947799725152 146.30432 69.112048 
1459947799740559 144.69453 69.110204 
1459947799755676 144.72213 69.122421 
1459947799770954 145.09323 69.117792 
1459947799786374 146.52256 69.116028 
1459947799801841 148.05087 69.127905 
1459947799815724 135.92392 69.121166 
1459947799830898 147.52071 69.139448 
1459947799845521 147.14869 69.128901 
1459947799861183 148.0427 69.127299 
1459947799875866 140.06936 69.125832 
1459947799891365 145.68602 69.131758 
1459947799906132 143.97187 69.128654 
1459947799921151 145.31892 69.126813 
1459947799936055 147.2365 69.111229 
1459947799950068 139.37754 69.116435 
1459947799965201 145.57244 69.122146 
1459947799980659 146.15359 69.126752 
1459947799996733 148.22776 69.119294 
1459947800011749 141.6169 69.117701 
1459947800026890 147.47521 69.139282 
1459947800041793 145.98193 69.12409 
1459947800056531 146.50657 69.117661 
1459947800072252 144.55005 69.130451 
1459947800088715 146.36136 69.123486 
1459947800103786 142.19459 69.106579 
1459947800119847 146.00067 69.110568 
1459947800135369 144.08984 69.126316 
1459947800150692 147.64194 69.129419 
1459947800166686 147.37025 69.128035 
1459947800182284 145.57885 69.112003 
1459947800197789 145.56214 69.134767 
1459947800212756 144.70516 69.128626 
1459947800227929 147.65012 69.126571 
1459947800243211 145.09601 69.113385 
1459947800258321 146.2974 69.132359 
1459947800273255 146.42626 69.133241 
1459947800287539 144.31877 69.131679 
1459947800302938 146.48243 69.122332 
1459947800318744 147.09234 69.132727 
1459947800333671 145.46833 69.132827 
1459947800347954 143.86143 69.115705 
1459947800361513 143.69791 69.12635 
1459947800376392 142.4958 69.102909 
1459947800392700 147.43419 69.131874 
1459947800408803 144.91118 69.133107 
1459947800424683 148.4352 69.112923 
1459947800440453 145.63566 69.132599 
1459947800456130 146.14739 69.133671 
1459947800471915 148.2208 69.122131 
1459947800487126 147.26188 69.125558 
1459947800502100 144.71686 69.116143 
1459947800516105 142.15979 69.110631 
1459947800531085 144.99469 69.120058 
1459947800546899 145.5438 69.109611 
1459947800562426 147.05164 69.120741 
1459947800577747 146.00317 69.132679 
1459947800592411 140.63075 69.128908 
1459947800608732 147.10761 69.106996 
1459947800625073 148.01642 69.12101 
1459947800640316 144.51284 69.123009 
1459947800655367 143.47879 69.130317 
1459947800669654 138.66571 69.128976 
1459947800684972 144.83601 69.12654 
1459947800700284 147.09305 69.128635 
1459947800716031 146.08919 69.115247 
1459947800729038 139.74077 69.137089 
1459947800743314 141.62675 69.12 
1459947800757497 144.11691 69.125751 
1459947800772788 145.3778 69.134359 
1459947800787813 143.62858 69.128406 
1459947800801716 141.16568 69.120063 
1459947800816277 144.76112 69.120183 
1459947800832207 147.07207 69.119084 
1459947800847844 149.99232 69.129547 
1459947800862693 144.62948 69.118654 
1459947800878208 143.40571 69.130744 
1459947800894042 144.75269 69.133207 
1459947800909561 145.76165 69.125561 
1459947800925339 149.53943 69.127064 
1459947800940334 144.86172 69.12023 
1459947800955513 145.49311 69.119007 
1459947800969840 143.36107 69.128605 
1459947800984425 145.75436 69.120292 
1459947800999289 148.40175 69.119702 
1459947801014913 146.45499 69.13616 
1459947801028671 143.37018 69.13173 
1459947801040990 135.44484 69.127596 
1459947801056840 146.50517 69.112947 
1459947801071238 142.74359 69.131417 
1459947801087312 149.23857 69.129824 
1459947801101725 143.22058 69.129944 
1459947801117027 146.55811 69.12168 
1459947801130629 138.2387 69.129211 
1459947801145499 144.86817 69.098196 
1459947801160781 149.50478 69.129856 
1459947801175954 146.59007 69.130615 
1459947801191244 146.89219 69.123398 
1459947801205112 143.31523 69.125892 
1459947801220050 146.45631 69.133674 
1459947801235746 148.63722 69.133222 
1459947801250687 143.40674 69.131826 
1459947801265778 144.53053 69.128538 
1459947801281543 146.45793 69.114637 
1459947801297315 148.75449 69.129312 
1459947801312624 146.40084 69.114337 
1459947801327328 147.59993 69.117338 
1459947801342236 144.82373 69.128356 
1459947801357474 142.49353 69.129413 
1459947801372048 144.69942 69.13392 
1459947801386047 141.84765 69.108065 
1459947801402466 154.68764 69.114565 
1459947801418204 151.09445 69.12227 
1459947801434081 148.20355 69.120515 
1459947801448691 144.79745 69.110958 
1459947801463874 146.61884 69.134476 
1459947801479732 150.06807 69.127534 
1459947801494708 146.52194 69.129153 
1459947801509428 141.86633 69.123966 
1459947801525734 148.30954 69.12541 
1459947801540883 147.04502 69.117738 
1459947801556173 146.73378 69.120981 
1459947801570304 145.39379 69.113895 
1459947801583722 138.49852 69.125556 
1459947801599082 146.10224 69.126696 
1459947801614655 147.08385 69.127903 
1459947801629840 145.38391 69.123596 
1459947801643973 145.56533 69.121785 
1459947801658883 147.48302 69.101984 
1459947801673295 146.10835 69.135351 
1459947801689007 148.27396 69.118947 
1459947801702994 144.72601 69.113762 
1459947801718057 144.80671 69.121432 
1459947801733106 148.13491 69.119406 
1459947801747414 146.10313 69.132036 
1459947801760566 136.66442 69.132732 
1459947801774832 145.63582 69.122133 
1459947801789645 146.13821 69.116688 
1459947801804038 146.59878 69.121843 
1459947801818690 145.24078 69.133011 
1459947801833043 143.59393 69.107947 
1459947801846003 136.45665 69.132177 
1459947801860808 145.85018 69.123227 
1459947801875629 146.63149 69.123961 
1459947801889591 145.74849 69.127402 
1459947801902840 144.6047 69.115306 
1459947801917195 143.72184 69.120117 
1459947801931583 142.11269 69.11911 
1459947801945659 144.52276 69.125781 
1459947801961261 147.17403 69.129718 
1459947828038199 146.18614 69.10858 
1459947828053730 146.59344 69.118433 
1459947828067648 143.21576 69.133701 
1459947828083008 148.32087 69.114363 
1459947828098149 143.70377 69.127818 
1459947828113791 145.97327 69.115462 
1459947828129087 147.53944 69.11884 
1459947828144986 145.64499 69.127999 
1459947828160336 145.42086 69.11369 
1459947828174493 143.43556 69.139467 
1459947828190218 146.01102 69.107984 
1459947828205102 143.16587 69.131775 
1459947828220374 147.52461 69.13967 
1459947828235216 140.82558 69.123188 
1459947828249481 141.97121 69.14002 
1459947828265653 149.15345 69.12908 
1459947828280887 147.89086 69.121234 
1459947828295453 141.87888 69.120159 
1459947828311215 147.6108 69.122734 
1459947828325688 143.16914 69.127994 
1459947828340483 140.82578 69.127994 
1459947828356599 147.51714 69.121302 
1459947828370476 143.58068 69.119511 
1459947828385205 143.76685 69.132547 
1459947828399346 142.25056 69.12209 
1459947828414947 145.78956 69.12993 
1459947828429034 144.56411 69.113774 
1459947828444259 147.34694 69.125173 
1459947828459522 144.77404 69.123599 
1459947828474025 141.2886 69.122835 
1459947828488705 143.37115 69.122252 
1459947828503499 144.09724 69.097111 
1459947828519282 147.77909 69.128688 
1459947828535023 145.7009 69.11747 
1459947828548112 128.43597 69.128009 
1459947828564258 143.64913 69.130014 
1459947828579367 145.2322 69.119091 
1459947828594750 147.07624 69.140843 
1459947828609097 145.75732 69.124654 
1459947828624559 145.99596 69.101438 
1459947828639041 146.18279 69.141575 
1459947828654043 148.37484 69.133049 
1459947828669019 145.48382 69.121169 
1459947828683613 144.99223 69.096976 
1459947828699894 148.9068 69.131566 
1459947828715205 144.7334 69.124015 
1459947828729430 143.98129 69.129567 
1459947828744865 142.9727 69.111143 
1459947828760750 144.62151 69.136762 
1459947828776321 148.56871 69.140542 
1459947828791198 144.35293 69.120981 
1459947828804036 137.21811 69.126567 
1459947828819188 145.42221 69.120438 
1459947828834466 143.8822 69.126528 
1459947828849522 145.76902 69.123052 
1459947828862695 136.68966 69.122009 
1459947828878102 147.30134 69.135541 
1459947828893378 146.86605 69.137589 
1459947828908452 145.22131 69.125856 
1459947828922318 140.97853 69.123708 
1459947828937768 148.25477 69.124533 
1459947828954514 146.75128 69.128914 
1459947828969689 144.98376 69.12324 
1459947828985127 144.32779 69.135392 
1459947828999999 145.9356 69.124045 
1459947829014258 143.85927 69.121871 
1459947829029384 147.0185 69.121052 
1459947829044078 143.09725 69.129278 
1459947829059032 142.90264 69.133708 
1459947829073911 146.22918 69.129715 
1459947829088724 146.26718 69.121681 
1459947829104723 148.1835 69.118414 
1459947829118482 140.85751 69.127299 
1459947829134103 146.57106 69.131883 
1459947829148996 146.38466 69.118849 
1459947829164295 145.24102 69.119742 
1459947829178528 146.71767 69.130013 
1459947829192610 143.07571 69.135001 
1459947829207785 147.71314 69.121337 
1459947829222613 148.35056 69.128146 
1459947829236684 145.44392 69.133945 
1459947829252050 146.51682 69.125554 
1459947829267070 146.68462 69.132405 
1459947829281970 148.99683 69.117594 
1459947829296340 146.70714 69.119585 
1459947829311613 143.20349 69.121335 
1459947829326751 145.50924 69.136438 
1459947829341252 144.5759 69.114624 
1459947829354889 143.08675 69.129063 
1459947829369021 146.50335 69.124827 
1459947829382627 136.45291 69.12673 
1459947829396215 144.91356 69.128016 
1459947829409899 141.93035 69.125879 
1459947829424706 142.32306 69.11571 
1459947829439852 146.56651 69.12852 
1459947829453980 145.44506 69.110547 
1459947829468738 144.99042 69.126237 
1459947829483273 144.41157 69.139309 
1459947829496542 143.35335 69.103336 
1459947829510993 144.24246 69.133876 
1459947829525351 143.63676 69.123794 
1459947829539547 143.37709 69.114612 
1459947829554413 142.97578 69.115647 
1459947829569249 146.65519 69.127702 
1459947829584455 144.25582 69.109112 
1459947829598071 137.7031 69.137151 
1459947829610827 136.07384 69.131389 
1459947829625569 145.76072 69.128572 
1459947829640473 147.71479 69.131355 
1459947829654873 143.01126 69.121734 
1459947829668391 140.84576 69.133198 
1459947829681648 142.88762 69.134101 
1459947829693795 138.2696 69.128591 
1459947829708849 148.06147 69.138931 
1459947829722567 140.46556 69.120558 
1459947829736970 144.32443 69.129325 
1459947829751684 143.63053 69.124869 
1459947829763382 131.21691 69.123309 
1459947829777497 143.60538 69.112101 
1459947829792303 145.93156 69.115105 
1459947829805926 141.32724 69.133248 
1459947829820265 144.07161 69.106962 
1459947829835655 147.21787 69.134413 
1459947829850610 145.62 69.110857 
1459947829865753 149.62638 69.115278 
1459947829879691 143.46562 69.111009 
1459947829894572 145.49262 69.119981 
1459947829908474 145.76388 69.11699 
1459947829919713 124.08633 69.117366 
1459947829932696 140.85739 69.129847 
1459947829948253 144.6759 69.134295 
1459947829962802 143.98291 69.113687 
1459947829977297 145.59543 69.137704 
1459947829991965 144.22487 69.117532 
1459947830005296 138.43861 69.132152 
1459947830020184 147.79853 69.140425 
1459947830033896 141.38746 69.116633 
1459947830046624 138.76351 69.129538 
1459947830061382 142.16741 69.121263 
1459947830075040 138.38284 69.132587 
1459947830088462 143.39985 69.117266 
1459947830101247 141.41599 69.127582 
1459947830116430 147.07428 69.114128 
1459947830130559 145.64871 69.131702 
1459947830143209 141.40451 69.115629 
1459947830157882 144.70968 69.127585 
1459947830172144 146.45293 69.131992 
1459947830186908 144.81922 69.128056 
1459947830201788 147.80577 69.13837 
1459947830217193 145.94747 69.097888 
1459947830232167 144.92469 69.138133 
1459947830247012 147.21955 69.128008 
1459947830262312 147.13877 69.127691 
1459947830276354 144.66101 69.117795 
1459947830291427 145.64769 69.123042 
1459947830304323 133.03913 69.124798 
1459947830318970 144.70316 69.126261 
1459947830332614 141.01087 69.11687 
1459947830344893 137.18279 69.128199 
1459947830357830 139.99448 69.115341 
1459947830372154 144.43424 69.116382 
1459947830385613 142.93528 69.130246 
1459947830400129 146.55454 69.119646 
1459947830412154 135.37578 69.130218 
1459947830426641 142.66848 69.111909 
1459947830440517 145.95583 69.125212 
1459947830455167 146.26847 69.126235 
1459947830469947 147.03692 69.127604 
1459947830484489 143.4119 69.134516 
1459947830498534 145.58407 69.122707 
1459947830514138 148.63394 69.117779 
1459947830529348 145.80351 69.127431 
1459947830545318 149.82484 69.132125 
1459947830561401 147.62261 69.120476 
1459947830576030 143.65139 69.135873 
1459947830590534 145.28345 69.134389 
1459947830605775 148.28844 69.126759 
1459947830621295 147.93053 69.11758 
1459947830637354 146.59636 69.131408 
1459947830652589 145.49737 69.119806 
1459947830668333 149.06122 69.123826 
1459947830682551 144.7429 69.131672 
1459947830697910 149.27534 69.109952 
1459947830712116 140.96191 69.124214 
1459947830726932 145.95584 69.117903 
1459947830741948 147.08337 69.116624 
1459947830755715 142.36107 69.120156 
1459947830769410 142.75189 69.12143 
1459947830784764 146.19571 69.134158 
1459947830800404 147.05944 69.11203 
1459947830815987 148.61876 69.119832 
1459947830831752 146.67852 69.117131 
1459947830847861 146.51155 69.1187 
1459947830862596 144.28058 69.11836 
1459947830877786 148.67569 69.135577 
1459947830892474 147.04868 69.115612 
1459947830908004 146.82087 69.119254 
1459947830923009 146.29421 69.122681 
1459947830937709 142.5803 69.107863 
1459947830954268 149.10915 69.125739 
1459947830969627 146.55366 69.104299 
1459947830986303 147.64732 69.12625 
1459947831002288 148.51448 69.117188 
1459947831018345 147.39868 69.110579 
1459947831035015 147.07691 69.129562 
1459947831050608 145.6841 69.122799 
1459947831065277 140.52138 69.115526 
1459947831080989 148.4393 69.129908 
1459947831097595 149.03757 69.104773 
1459947831113423 145.27805 69.124957 
1459947831129477 149.25189 69.121627 
1459947831144349 145.372 69.131195 
1459947831160385 146.3671 69.134678 
1459947831177865 151.24329 69.12516 
1459947831194008 147.42956 69.139684 
1459947831209063 144.02221 69.117826 
1459947831224722 144.42974 69.137757 
1459947831241172 147.32001 69.138298 
1459947831256848 144.22072 69.118744 
1459947831272281 147.31479 69.12481 
1459947831288306 147.97978 69.134623 
1459947831305001 148.37355 69.127601 
1459947831321713 150.29768 69.113184 
1459947831337310 147.63808 69.118015 
1459947831352772 144.47278 69.113827 
1459947831367291 143.83501 69.121618 
1459947831381758 142.267 69.126532 
1459947831396332 147.59569 69.125364 
1459947831412375 147.39302 69.106262 
1459947831428406 147.16345 69.135417 
1459947831443093 143.13762 69.128648 
1459947831457949 142.97767 69.120297 
1459947831474612 146.75585 69.138718 
1459947831490600 146.80271 69.130812 
1459947831507234 148.88692 69.120823 
1459947831521263 141.92749 69.121903 
1459947831536281 146.05918 69.109985 
1459947831552794 148.09426 69.114863 
1459947831569204 148.62268 69.111478 
1459947831586745 147.39031 69.127713 
1459947831601373 140.21135 69.127134 
1459947831618094 149.05793 69.118104 
1459947831633411 145.72106 69.125132 
1459947831649647 147.49892 69.113203 
1459947831665562 147.59571 69.130703 
1459947831681201 146.33106 69.113886 
1459947831696439 148.28151 69.115217 
1459947831712604 147.58031 69.113272 
1459947831726830 143.27161 69.123474 
1459947831743173 146.46854 69.120083 
1459947831756158 133.7039 69.12677 
1459947831772430 149.66972 69.106652 
1459947831788549 148.76494 69.117802 
1459947831804773 148.96337 69.1285 
1459947831820803 149.56891 69.115342 
1459947831836809 147.58163 69.124284 
1459947831854082 149.68028 69.122217 
1459947831869850 145.60471 69.115401 
1459947831886315 150.27234 69.138876 
1459947831901782 144.90436 69.140089 
1459947831914366 129.57629 69.115883 
1459947831928186 135.97897 69.133786 
1459947831942999 146.21741 69.118352 
1459947831959123 148.33717 69.134879 
1459947831974111 143.52817 69.124928 
1459947831989181 143.73789 69.109321 
1459947832005099 150.42938 69.119801 
1459947832020800 145.19178 69.139741 
1459947832036886 150.42308 69.131636 
1459947832053683 148.31294 69.124211 
1459947832066646 130.14727 69.123101 
1459947832082701 148.2952 69.114444 
1459947832098642 146.7986 69.132509 
1459947832113269 138.95434 69.129088 
1459947832127391 143.7726 69.129596 
1459947832142694 143.22885 69.124851 
1459947832158869 146.99745 69.11649 
1459947832174536 146.44957 69.131277 
1459947832188732 145.19569 69.11316 
1459947832204471 147.25645 69.121377 
1459947832217375 133.94351 69.120396 
1459947832233229 145.96853 69.109363 
1459947832248588 146.25476 69.120565 
1459947832261345 132.57737 69.123712 
1459947832275190 143.46111 69.124984 
1459947832291040 146.543 69.134845 
1459947832306233 144.61595 69.108322 
1459947832323475 150.61787 69.137847 
1459947832337860 141.61239 69.121588 
1459947832353780 146.23879 69.114777 
1459947832365673 124.73843 69.117517 
1459947832378897 134.92907 69.117745 
1459947832393684 145.68336 69.123407 
1459947832406334 127.08066 69.119655 
1459947832422872 147.37306 69.123729 
1459947832436275 136.90799 69.122912 
1459947832448823 126.03958 69.114866 
1459947832464150 145.46777 69.127573 
1459947832479323 146.16998 69.125491 
1459947832496462 148.63669 69.129379 
1459947832511376 144.277 69.127928 
1459947832527484 143.80423 69.131046 
1459947832543983 148.42233 69.133458 
1459947832559462 142.03739 69.124258 
1459947832574343 139.62577 69.124909 
1459947832589965 146.95452 69.129606 
1459947832604902 145.54438 69.124872 
1459947832619782 145.83032 69.117144 
1459947832636726 148.68737 69.122018 
1459947832653028 148.03287 69.124484 
1459947832667470 136.50121 69.115855 
1459947832683850 148.52021 69.122661 
1459947832700323 149.26581 69.09184 
1459947832715676 142.36132 69.131456 
1459947832732076 146.7228 69.12089 
1459947832748163 145.32417 69.126101 
1459947832764261 145.93678 69.132454 
1459947832779073 147.63919 69.130013 
1459947832794472 148.28296 69.11228 
1459947832809777 145.65544 69.112995 
1459947832825133 142.99939 69.130776 
1459947832840643 144.84093 69.130233 
1459947832856316 147.43378 69.116294 
1459947832869144 132.02766 69.134263 
1459947832885578 150.21631 69.118871 
1459947832900926 145.74544 69.137875 
1459947832916071 145.35623 69.120387 
1459947832930904 145.53425 69.124523 
1459947832946351 144.49134 69.138405 
1459947832960708 143.04723 69.128925 
1459947832974405 137.47834 69.131226 
1459947832989753 146.00542 69.131684 
1459947833004123 141.75083 69.127469 
1459947833017912 139.21108 69.122679 
1459947833032692 142.93734 69.130984 
1459947833048294 147.78065 69.120509 
1459947833064255 148.0661 69.130023 
1459947833079924 146.56519 69.109882 
1459947833095913 147.38624 69.137744 
1459947833112379 145.73903 69.116951 
1459947833126248 140.55006 69.137733 
1459947833141317 144.90873 69.116292 
1459947833156965 144.75486 69.110051 
1459947833172084 144.80951 69.115615 
1459947833188034 147.47182 69.141407 
1459947833202049 141.18997 69.133305 
1459947833216239 143.74675 69.123803 
1459947833231334 144.39765 69.127212 
1459947833246941 146.84232 69.126684 
1459947833261953 146.27314 69.123369 
1459947833277219 146.08802 69.123234 
1459947833292010 143.91444 69.117547 
1459947833307398 147.33896 69.136882 
1459947833323541 147.19759 69.114064 
1459947833339308 145.29532 69.116421 
1459947833354359 143.63453 69.130494 
1459947833370284 145.36856 69.121397 
1459947833385705 146.34647 69.117068 
1459947833401718 146.64024 69.133222 
1459947833415381 137.73616 69.121569 
1459947833429579 142.41724 69.134193 
1459947833444525 144.05435 69.122924 
1459947833460177 149.30361 69.115931 
1459947833476094 146.88598 69.10929 
1459947833491954 142.8377 69.125173 
1459947833506968 144.02281 69.131197 
1459947833522204 145.91023 69.106016 
1459947833537116 146.63304 69.122817 
1459947833551347 143.20571 69.111275 
1459947833565651 143.14163 69.131064 
1459947833579688 141.86341 69.131957 
1459947833594394 145.32326 69.132208 
1459947833610048 145.43924 69.128193 
1459947833624604 143.22713 69.126217 
1459947833641028 148.89132 69.124044 
1459947833656921 146.33785 69.124744 
1459947833671916 145.67611 69.119443 
1459947833686829 143.87273 69.110998 
1459947833701838 144.03678 69.131372 
1459947833717470 147.14627 69.134923 
1459947833732237 144.86882 69.111719 
1459947833746237 141.03526 69.13544 
1459947833760385 138.64588 69.124221 
1459947833774732 142.44222 69.124514 
1459947833789780 142.5048 69.122597 
1459947833804788 146.42722 69.133909 
1459947833818789 140.93165 69.129747 
1459947833833280 143.97876 69.133434 
1459947833848374 144.61808 69.111315 
1459947833864745 147.31994 69.116904 
1459947833881773 148.0791 69.118448 
1459947833896899 142.05023 69.121365 
1459947833912869 146.15608 69.111584 
1459947833927960 144.01719 69.136759 
1459947833942918 144.335 69.11896 
1459947833958609 144.9696 69.130061 
1459947833972107 138.22935 69.130998 
1459947833987555 145.03186 69.09838 
1459947834001542 143.49777 69.125805 
1459947834017575 146.6098 69.12385 
1459947834033932 146.50521 69.128177 
1459947834050188 146.57009 69.121048 
1459947834066483 147.39349 69.130489 
1459947834082810 148.55672 69.112249 
1459947834099349 148.85377 69.125753 
1459947834114113 143.20032 69.136299 
1459947834128691 146.31323 69.118752 
1459947834143576 143.5308 69.126767 
1459947834158449 139.74048 69.10681 
1459947834173811 144.38446 69.132576 
1459947834189547 145.2691 69.126612 
1459947834203721 141.4471 69.135465 
1459947834219244 143.2637 69.112676 
1459947834234782 146.26887 69.123798 
1459947834250186 148.18158 69.113794 
1459947834265736 145.19011 69.11933 
1459947834281458 145.7828 69.11657 
1459947834296622 144.67071 69.123408 
1459947834312877 147.50681 69.127669 
1459947834329186 147.16645 69.129428 
1459947834344268 145.53232 69.120587 
1459947834360787 148.33551 69.138202 
1459947834375757 142.39014 69.118542 
1459947834391918 144.34035 69.122175 
1459947834407361 145.23569 69.127231 
1459947834423271 147.36501 69.12411 
1459947834439986 148.72248 69.126417 
1459947834455673 145.66927 69.115441 
1459947834471666 148.51928 69.133594 
1459947834486325 145.20652 69.115856 
1459947834502004 145.17914 69.128045 
1459947834516699 142.39679 69.091241 
1459947834531230 139.40017 69.132441 
1459947834546499 146.34106 69.123644 
1459947834562200 147.59261 69.132162 
1459947834578214 147.23342 69.124907 
1459947834593946 146.1793 69.129956 
1459947834609120 148.0899 69.117017 
1459947834625436 147.59015 69.117229 
1459947834642201 148.1376 69.134355 
1459947834656929 143.09296 69.126477 
1459947834672858 146.07693 69.132307 
1459947834689704 149.0752 69.131998 
1459947834705949 146.12243 69.11914 
1459947834722463 148.70216 69.111821 
1459947834738893 147.95395 69.126092 
1459947834754260 146.85409 69.127121 
1459947834770986 148.25407 69.113861 
1459947834786054 141.48498 69.124718 
1459947834801632 147.06973 69.124703 
1459947834818852 149.77765 69.131976 
1459947834834212 147.32305 69.105641 
1459947834850206 149.44452 69.101797 
1459947834866007 148.05141 69.128272 
1459947834881750 145.572 69.129123 
1459947834898088 149.37959 69.123035 
1459947834913274 146.1044 69.134815 
1459947834927583 145.25 69.122904 
1459947834942806 146.95641 69.114372 
1459947834959210 148.18313 69.116428 
1459947834974338 146.96103 69.118735 
1459947834990593 148.23319 69.138013 
1459947835005683 146.95751 69.126576 
1459947835021133 146.20177 69.122215 
1459947835036741 147.41262 69.113908 
1459947835051584 144.0751 69.131894 
1459947835065821 142.2919 69.115892 
1459947835082863 148.98024 69.135213 
1459947835099687 150.30024 69.114703 
1459947835115593 148.55011 69.120935 
1459947835131021 149.35053 69.103578 
1459947835147063 147.2994 69.140889 
1459947835163395 145.6421 69.132342 
1459947835179508 144.93557 69.13231 
1459947835194449 143.23271 69.126542 
1459947835209467 144.1243 69.123479 
1459947835225440 145.23561 69.123525 
1459947835241029 146.31067 69.117038 
1459947835256828 145.17248 69.138508 
1459947835271666 144.45043 69.112762 
1459947835287556 149.66767 69.129579 
1459947835305031 147.71118 69.125021 
1459947835321821 147.92857 69.124889 
1459947835337190 143.31484 69.136591 
1459947835353705 148.85305 69.119143 
1459947835369421 143.04982 69.13482 
1459947835384796 146.74377 69.120422 
1459947835401399 149.48015 69.125743 
1459947835418390 146.97259 69.127782 
1459947835434937 150.93154 69.115591 
1459947835451752 146.65804 69.126856 
1459947835466079 140.81939 69.130123 
1459947835481957 147.81818 69.123757 
1459947835498072 147.92681 69.10535 
1459947835514560 148.14799 69.120113 
1459947835530100 146.1522 69.136564 
1459947835545687 148.71433 69.124401 
1459947835560885 145.80823 69.113033 
1459947835576716 146.6489 69.11329 
1459947835592314 146.95036 69.133476 
1459947835607244 139.25391 69.126517 
1459947835622109 143.45335 69.127162 
1459947835636200 141.18197 69.126401 
1459947835652095 148.32782 69.117469 
1459947835667369 144.59885 69.122526 
1459947835682974 149.43715 69.139429 
1459947835696847 136.04882 69.131991 
1459947835710384 143.02692 69.131885 
1459947835725890 148.09882 69.114414 
1459947835739810 140.04698 69.13322 
1459947835756102 151.00909 69.107531 
1459947835769757 140.06314 69.13603 
1459947835785042 146.25489 69.125522 
1459947835801574 146.61033 69.133079 
1459947835816894 147.96721 69.135674 
1459947835832894 148.33043 69.126682 
1459947835847338 141.69419 69.117092 
