1459947787449084 146.23304 69.123404 
1459947787465780 149.39454 69.1118 
1459947787481587 144.39716 69.119586 
1459947787497312 146.89223 69.131284 
1459947787513750 149.81762 69.12036 
1459947787530726 147.58549 69.112257 
1459947787546153 146.55731 69.108646 
1459947787561545 147.48414 69.13634 
1459947787578042 149.46431 69.128986 
1459947787592982 142.03425 69.125868 
1459947787607601 146.48997 69.128524 
1459947787623036 145.25102 69.13374 
1459947787638247 145.56548 69.117079 
1459947787653775 146.50631 69.122065 
1459947787669913 146.5467 69.127296 
1459947787684594 143.16759 69.130839 
1459947787700290 146.4797 69.119032 
1459947787714807 143.01772 69.122032 
1459947787731319 148.07968 69.138605 
1459947787746370 143.87284 69.124537 
1459947787762028 145.01663 69.133166 
1459947787779000 149.10081 69.130877 
1459947787792921 139.90467 69.111064 
1459947787808420 145.70344 69.115693 
1459947787822671 144.48118 69.125079 
1459947787838060 145.68266 69.120032 
1459947787852660 144.58399 69.122101 
1459947787867139 141.49251 69.129875 
1459947787882685 149.86978 69.129504 
1459947787897964 144.47528 69.108502 
1459947787912087 139.38065 69.118518 
1459947787926199 139.17698 69.129756 
1459947787940857 142.918 69.10691 
1459947787956138 144.28117 69.107837 
1459947787968753 134.13818 69.132675 
1459947787983683 150.09013 69.126973 
1459947787999161 145.559 69.121198 
1459947788014065 143.53208 69.098519 
1459947788030145 149.01327 69.128466 
1459947788045246 145.64696 69.1235 
1459947788061718 150.86262 69.125214 
1459947788077852 143.47083 69.117455 
1459947788093589 147.39779 69.123275 
1459947788108957 145.39202 69.120679 
1459947788124562 147.48622 69.129442 
1459947788141600 147.77441 69.138316 
1459947788155189 138.44371 69.121322 
1459947788169040 143.19946 69.129353 
1459947788183505 140.62485 69.110425 
1459947788197839 138.19393 69.134348 
1459947788212701 143.33811 69.125519 
1459947788228365 146.16177 69.124094 
1459947788242899 146.29502 69.114251 
1459947788257020 140.80824 69.123962 
1459947788272713 148.48252 69.116385 
1459947788286852 145.2254 69.121523 
1459947788302725 148.8826 69.101395 
1459947788317894 144.77898 69.127548 
1459947788332279 143.14703 69.126419 
1459947788348762 149.00611 69.129977 
1459947788362410 138.34014 69.089064 
1459947788377379 149.80515 69.120504 
1459947788392508 145.07493 69.129324 
1459947788406461 139.70092 69.133553 
1459947788421340 146.51175 69.125549 
1459947788436998 142.87046 69.126198 
1459947788452689 148.57531 69.112723 
1459947788467743 144.75251 69.121334 
1459947788481817 138.53487 69.13178 
1459947788496842 142.37164 69.127886 
1459947788511886 143.44334 69.127237 
1459947788528246 148.30652 69.134482 
1459947788544334 147.1964 69.127281 
1459947788557815 141.962 69.122436 
1459947788573502 148.34049 69.117512 
1459947788589474 147.1158 69.125826 
1459947788603776 145.01619 69.125358 
1459947788618330 141.38769 69.132391 
1459947788632385 142.89426 69.116435 
1459947788647964 147.10049 69.122157 
1459947788663000 144.12399 69.137172 
1459947788678791 149.45834 69.1287 
1459947788693767 144.29673 69.119389 
1459947788706976 138.27757 69.129814 
1459947788720986 140.99248 69.116146 
1459947788737121 146.95978 69.127004 
1459947788753018 147.8646 69.112607 
1459947788768504 145.4909 69.136133 
1459947788784507 146.87929 69.130655 
1459947788799511 146.3556 69.117749 
1459947788814103 141.24454 69.136297 
1459947788827166 139.21201 69.133216 
1459947788840683 140.45047 69.139401 
1459947788856705 147.76362 69.130425 
1459947788872125 145.9779 69.127723 
1459947788887717 144.72215 69.120966 
1459947788902355 147.09995 69.111878 
1459947788917806 145.19659 69.123463 
1459947788932467 146.07311 69.131007 
1459947788947679 143.43015 69.129065 
1459947788963134 145.66542 69.13226 
1459947788979342 148.18269 69.129199 
1459947788994485 144.93165 69.123992 
1459947789009999 148.67791 69.128266 
1459947789023571 142.13532 69.123939 
1459947789038087 142.92595 69.119431 
1459947789053459 148.28607 69.124525 
1459947789069300 148.20955 69.128269 
1459947789083823 146.95746 69.135785 
1459947789098931 144.58522 69.132941 
1459947789112967 142.49802 69.128528 
1459947789127400 142.64474 69.116716 
1459947789141644 143.08803 69.122987 
1459947789155407 143.82467 69.130384 
1459947789169452 142.90052 69.12364 
1459947789183546 145.12011 69.124449 
1459947789198689 147.21664 69.127965 
1459947789214513 147.52682 69.136086 
1459947789229792 147.25369 69.128815 
1459947789244224 142.40403 69.121616 
1459947789259296 148.2906 69.131919 
1459947789275206 148.60645 69.134291 
1459947789290415 148.32084 69.123879 
1459947789304907 143.84618 69.126542 
1459947789319169 139.71713 69.122218 
1459947789334710 146.32526 69.129348 
1459947789350198 145.94595 69.126022 
1459947789366237 148.57733 69.126924 
1459947789382108 145.92639 69.116354 
1459947789396707 145.2475 69.114848 
1459947789411750 146.4156 69.129572 
1459947789426001 145.88103 69.124675 
1459947789441259 149.05762 69.132877 
1459947789455131 140.47051 69.13512 
1459947789469355 145.15542 69.115208 
1459947789484831 148.70286 69.124454 
1459947789499240 140.98518 69.130591 
1459947789513114 143.87549 69.130399 
1459947789527281 139.09219 69.123495 
1459947789541685 146.23758 69.11919 
1459947789556143 142.74981 69.139835 
1459947789571862 147.40784 69.131002 
1459947789586450 142.72049 69.120676 
1459947789602354 148.06313 69.140636 
1459947789616347 141.97041 69.121094 
1459947789630796 146.08246 69.123143 
1459947789645607 145.81466 69.119849 
1459947789660167 146.05341 69.114221 
1459947789673967 144.96725 69.123677 
1459947789688383 146.22338 69.11957 
1459947789701885 142.49401 69.131098 
1459947789714236 134.77207 69.119434 
1459947789727305 134.68088 69.119005 
1459947789738189 129.62958 69.118693 
1459947789753229 146.17807 69.128937 
1459947789769240 148.12009 69.137535 
1459947789784756 146.32995 69.123363 
1459947789799463 143.74971 69.119746 
1459947789815265 145.45814 69.122913 
1459947789829859 144.02775 69.120891 
1459947789845088 147.25616 69.128852 
1459947789860157 147.70213 69.127771 
1459947789875996 149.03693 69.135058 
1459947789890889 143.62194 69.117662 
1459947789905877 145.57347 69.131192 
1459947789921263 148.03106 69.118418 
1459947789935999 142.56836 69.116367 
1459947789950751 145.88449 69.128849 
1459947789965115 143.88772 69.128517 
1459947789980536 146.81718 69.136477 
1459947789996090 149.86785 69.130068 
1459947790010465 144.03829 69.130283 
1459947790025985 149.48661 69.109198 
1459947790041129 146.34963 69.093629 
1459947790055406 144.36706 69.1266 
1459947790070235 148.0455 69.118324 
1459947790084483 143.39381 69.118646 
1459947790098917 145.23973 69.115694 
1459947790113739 146.05975 69.122673 
1459947790128272 146.23211 69.128514 
1459947790143328 145.30699 69.113404 
1459947790157395 143.23319 69.112224 
1459947790171237 141.00056 69.117991 
1459947790184927 142.6503 69.128892 
1459947790199258 143.69618 69.12402 
1459947790214819 145.09578 69.130717 
1459947790230407 147.53123 69.134048 
1459947790245466 146.41675 69.126479 
1459947790260150 146.19226 69.13083 
1459947790275037 147.46051 69.118812 
1459947790289812 146.98839 69.126838 
1459947790304859 146.08014 69.140817 
1459947790320143 146.20153 69.122968 
1459947790335683 146.54488 69.120484 
1459947790351460 146.6276 69.126847 
1459947790366157 143.76128 69.13889 
1459947790381035 146.67457 69.121479 
1459947790395915 146.49733 69.131919 
1459947790410992 147.23192 69.116458 
1459947790425276 144.19933 69.113566 
1459947790440257 145.53353 69.129325 
1459947790455030 144.33821 69.127506 
1459947790469493 143.56424 69.134166 
1459947790485719 146.72196 69.1333 
1459947790501408 145.64988 69.117418 
1459947790516404 145.22705 69.129778 
1459947790530340 143.75289 69.126638 
1459947790545016 142.04317 69.121399 
1459947790560278 146.58189 69.133114 
1459947790573836 140.977 69.118325 
1459947790589299 146.37049 69.129775 
1459947790604095 145.44545 69.110007 
1459947790619044 144.83011 69.122796 
1459947790633948 141.94152 69.113303 
1459947790649280 147.02153 69.118264 
1459947790663747 146.58529 69.13358 
1459947790678312 147.207 69.140296 
1459947790692911 142.06547 69.120153 
1459947790706986 146.34788 69.119708 
1459947790721668 146.88605 69.105787 
1459947790738007 148.37805 69.11733 
1459947790753798 144.35954 69.119722 
1459947790769778 145.81557 69.119613 
1459947790785663 148.76905 69.114154 
1459947790800826 148.26314 69.134172 
1459947790816620 148.7487 69.130952 
1459947790832391 148.00245 69.116643 
1459947790848088 148.67455 69.108895 
1459947790862893 145.94362 69.128097 
1459947790877648 146.12037 69.132436 
1459947790892021 142.34005 69.131194 
1459947790906771 146.95951 69.130281 
1459947790921525 145.21985 69.121144 
1459947790936911 146.08233 69.127578 
1459947790952420 146.45363 69.132944 
1459947790967994 146.83085 69.136141 
1459947790983536 147.43738 69.12395 
1459947790998454 144.67572 69.127518 
1459947791014868 147.98639 69.121083 
1459947791029450 145.09993 69.118991 
1459947791044344 145.99442 69.130627 
1459947791066927 140.03944 69.109254 
1459947791082658 146.46985 69.111051 
1459947791097380 147.38209 69.128326 
1459947791111444 140.50676 69.132928 
1459947791126162 144.75851 69.132192 
1459947791140877 145.37154 69.127421 
1459947791154556 140.4654 69.125326 
1459947791168772 140.68936 69.112755 
1459947791183443 146.73732 69.115735 
1459947791197620 145.74728 69.111731 
1459947791213401 147.14893 69.13433 
1459947791227838 144.83217 69.12249 
1459947791241928 143.74827 69.13568 
1459947791258178 147.45459 69.112568 
1459947791273984 150.41743 69.106818 
1459947791288819 144.97728 69.12948 
1459947791303428 147.14065 69.116728 
1459947791318444 148.43716 69.117079 
1459947791333591 144.31667 69.130791 
1459947791348099 145.70181 69.128635 
1459947791362858 144.7742 69.126552 
1459947791378077 147.64141 69.13295 
1459947791391981 137.92883 69.136391 
1459947791407358 145.75705 69.123199 
1459947791421295 141.54447 69.108487 
1459947791435588 139.90936 69.1216 
1459947791450969 146.00897 69.134213 
1459947791466160 141.96143 69.115728 
1459947791480596 143.21855 69.123858 
1459947791494972 142.92963 69.127258 
1459947791510203 144.88713 69.102567 
1459947791525484 147.06171 69.138434 
1459947791540069 141.00634 69.131268 
1459947791555360 146.58198 69.131969 
1459947791569983 145.68416 69.133985 
1459947791584608 145.11052 69.131403 
1459947791600350 146.9407 69.112549 
1459947791615631 142.8764 69.131954 
1459947791630926 146.16792 69.112993 
1459947791645945 146.02255 69.107787 
1459947791660996 146.50038 69.14179 
1459947791675515 145.89785 69.132408 
1459947791689442 140.24474 69.125271 
1459947791702758 143.15896 69.124797 
1459947791718460 150.52117 69.128941 
1459947791733919 148.20846 69.13903 
1459947791747633 142.96841 69.120304 
1459947791763506 149.82465 69.142725 
1459947791779417 146.49354 69.119815 
1459947791794503 146.41014 69.117925 
1459947791809634 145.99254 69.126303 
1459947791823451 143.18991 69.133155 
1459947791838550 147.78161 69.119263 
1459947791854168 147.05792 69.111033 
1459947791869281 143.86545 69.124632 
1459947791883534 143.30869 69.132481 
1459947791898522 146.84992 69.125255 
1459947791913826 148.42089 69.125013 
1459947791928980 146.45873 69.120683 
1459947791943697 141.96043 69.126898 
1459947791958741 146.1291 69.121735 
1459947791973826 149.56358 69.122791 
1459947791989028 146.42534 69.124613 
1459947792000838 135.26735 69.138215 
1459947792016762 149.02145 69.127811 
1459947792031736 145.79354 69.115596 
1459947792047147 148.67808 69.134025 
1459947792060917 145.09322 69.123192 
1459947792076424 147.7511 69.126477 
1459947792091674 148.79587 69.122222 
1459947792107379 148.53995 69.131287 
1459947792122435 145.80546 69.118638 
1459947792138220 145.5597 69.124155 
1459947792152708 145.32336 69.112741 
1459947792168300 145.26123 69.130286 
1459947792183773 145.18905 69.123449 
1459947792197385 141.5531 69.121542 
1459947792211589 140.13688 69.1117 
1459947792226514 145.86472 69.132817 
1459947792241577 146.42829 69.120455 
1459947792256969 145.73905 69.129902 
1459947792271787 143.96073 69.130366 
1459947792288415 150.20285 69.122024 
1459947792303063 145.71054 69.121779 
1459947792318742 146.94947 69.134637 
1459947792333694 147.42392 69.126012 
1459947792347884 142.56578 69.134398 
1459947792363889 147.21104 69.125419 
1459947792377981 144.09676 69.141147 
1459947792392741 144.64966 69.118503 
1459947792406389 142.24129 69.10798 
1459947792421114 142.77598 69.138401 
1459947792436886 147.97008 69.123982 
1459947792452176 146.44591 69.128183 
1459947792465283 139.1457 69.121123 
1459947792480368 144.60185 69.12328 
1459947792495713 148.75686 69.122147 
1459947792510052 143.98444 69.145418 
1459947792523798 143.09487 69.128832 
1459947792538648 145.54746 69.1192 
1459947792554348 149.16593 69.12285 
1459947792568256 141.26426 69.125199 
1459947792582288 142.69835 69.126711 
1459947792596013 139.84614 69.138656 
1459947792610110 140.76355 69.123511 
1459947792624624 145.42012 69.121079 
1459947792639410 144.41902 69.128174 
1459947792654134 142.40511 69.130405 
1459947792668866 143.54471 69.125875 
1459947792684224 146.54465 69.129852 
1459947792699937 148.06921 69.123623 
1459947792714733 143.58864 69.127341 
1459947792730512 147.25054 69.138643 
1459947792745017 142.03616 69.121879 
1459947792760836 144.90751 69.128823 
1459947792776882 147.76082 69.12415 
1459947792792831 147.8126 69.123127 
1459947792808147 144.69177 69.11148 
1459947792823098 146.92632 69.124285 
1459947792838574 146.6016 69.113896 
1459947792854975 147.99621 69.114604 
1459947792870371 146.87811 69.133359 
1459947792886263 146.2249 69.131954 
1459947792901631 144.96098 69.139265 
1459947792917022 145.66879 69.119747 
1459947792932628 142.3966 69.130423 
1459947792948905 147.20372 69.112151 
1459947792963274 141.14555 69.124431 
1459947792977425 138.34239 69.12859 
1459947792992445 142.50396 69.126292 
1459947793009017 147.73931 69.129892 
1459947793024213 142.55613 69.133946 
1459947793039278 144.66544 69.115392 
1459947793054910 146.14221 69.124391 
1459947793071512 147.21166 69.11123 
1459947793087590 148.12102 69.128107 
1459947793103245 145.60802 69.123106 
1459947793117793 144.23832 69.140321 
1459947793132533 144.3706 69.126718 
1459947793147792 148.43291 69.119673 
1459947793162578 144.40488 69.111504 
1459947793177929 145.53066 69.125235 
1459947793193874 148.73862 69.112975 
1459947793209602 147.64377 69.120922 
1459947793224925 145.16065 69.126701 
1459947793241328 145.25845 69.126913 
1459947793257916 147.63061 69.109283 
1459947793273234 146.88167 69.115161 
1459947793288659 147.61945 69.136525 
1459947793304412 147.71487 69.130916 
1459947793319980 148.51514 69.105847 
1459947793334519 142.63815 69.11788 
1459947793349005 144.83603 69.104711 
1459947793363968 144.86386 69.127814 
1459947793377987 142.93953 69.119153 
1459947793393042 142.66361 69.129589 
1459947793408120 145.95838 69.116649 
1459947793421719 135.59852 69.120497 
1459947793436886 143.94447 69.113 
1459947793449551 135.84292 69.108953 
1459947793464313 146.25243 69.130777 
1459947793478275 139.06064 69.128274 
1459947793493447 147.84806 69.123034 
1459947793507452 141.28998 69.110883 
1459947793522387 143.78701 69.12118 
1459947793536514 141.89543 69.133022 
1459947793550515 142.51775 69.13026 
1459947793564308 141.13567 69.12369 
1459947793579395 147.289 69.133605 
1459947793594465 147.14057 69.122995 
1459947793608582 144.77511 69.09696 
1459947793623345 143.97868 69.126846 
1459947793638148 145.60585 69.116401 
1459947793653505 146.2097 69.119996 
1459947793668393 143.88791 69.131634 
1459947793683729 142.55812 69.132084 
1459947793698657 142.99307 69.134505 
1459947793712936 145.6229 69.121293 
1459947793728778 147.32422 69.132559 
1459947793743672 145.88262 69.125917 
1459947793757813 142.12252 69.131834 
1459947793772846 144.60143 69.109155 
1459947793788623 148.52537 69.122675 
1459947793803142 144.24626 69.133251 
1459947793817765 144.34839 69.125084 
1459947793832546 146.09139 69.117495 
1459947793847018 144.3726 69.132157 
1459947793860828 145.59624 69.122608 
1459947793874692 144.25007 69.138792 
1459947793887984 141.79489 69.12315 
1459947793903290 147.53583 69.119894 
1459947793917164 142.86205 69.115933 
1459947793932737 146.09318 69.124381 
1459947793946355 140.56737 69.131905 
1459947793960482 142.87189 69.11416 
1459947793974032 145.13566 69.12163 
1459947793988352 141.96776 69.138039 
1459947794003487 145.13027 69.13241 
1459947794017521 145.77172 69.125685 
1459947794031554 144.46106 69.119352 
1459947794044971 142.10472 69.114816 
1459947794060171 147.6872 69.126167 
1459947794073851 141.78789 69.125755 
1459947794088404 145.97659 69.12709 
1459947794102288 143.42024 69.127699 
1459947794116610 146.72604 69.136815 
1459947794131023 144.16461 69.115146 
1459947794144747 142.88444 69.12544 
1459947794158920 143.78595 69.119252 
1459947794173670 145.61931 69.133459 
1459947794187999 145.11566 69.119951 
1459947794202042 145.28438 69.137249 
1459947794216090 142.84459 69.123945 
1459947794231379 146.52544 69.132081 
1459947794245989 145.40001 69.133122 
1459947794261743 146.59961 69.111662 
1459947794276313 143.7143 69.126796 
1459947794290922 146.01404 69.131144 
1459947794306620 147.45811 69.129417 
1459947794321759 144.86003 69.115807 
1459947794334452 129.97336 69.119082 
1459947794349066 141.39941 69.112379 
1459947794363044 144.91483 69.124036 
1459947794376871 142.91458 69.122442 
1459947794390600 142.16818 69.127308 
1459947794404583 144.72037 69.13263 
1459947794418487 142.84992 69.115952 
1459947794432920 145.1608 69.128322 
1459947794447381 144.58504 69.126632 
1459947794462074 144.3914 69.100423 
1459947794476123 142.98827 69.120196 
1459947794490025 142.39252 69.117993 
1459947794505114 148.47847 69.128079 
1459947794520957 145.9761 69.121255 
1459947794536075 146.57334 69.120804 
1459947794550733 143.73466 69.136811 
1459947794565717 144.06485 69.135097 
1459947794580129 140.29447 69.110241 
1459947794595847 147.51724 69.116428 
1459947794611244 143.78462 69.130168 
1459947794627504 146.50567 69.125773 
1459947794642679 146.15876 69.13548 
1459947794657531 142.1164 69.120473 
1459947813163789 144.26526 69.114618 
1459947813175663 124.94195 69.13471 
1459947813189547 134.56568 69.121421 
1459947813205052 147.36859 69.127669 
1459947813219968 147.84156 69.121669 
1459947813236476 148.29795 69.118059 
1459947813251713 149.04687 69.127551 
1459947813267500 149.4328 69.113388 
1459947813283693 149.86131 69.131924 
1459947813298665 147.50618 69.111791 
1459947813314838 147.45211 69.137194 
1459947813331076 148.42258 69.131438 
1459947813346485 143.63298 69.13473 
1459947813361912 144.6312 69.114319 
1459947813377799 147.87759 69.129152 
1459947813392929 146.54465 69.133926 
1459947813409060 149.16089 69.10948 
1459947813423763 139.71598 69.12374 
1459947813441312 148.04562 69.119703 
1459947813457737 147.65822 69.115568 
1459947813473478 147.21743 69.120738 
1459947813488971 144.05654 69.140801 
1459947813504319 146.43832 69.135804 
1459947813520026 149.26296 69.127495 
1459947813534719 146.74697 69.134839 
1459947813548676 141.66154 69.115698 
1459947813564336 147.62192 69.131666 
1459947813579405 145.85893 69.134307 
1459947813594322 145.18626 69.103262 
1459947813610326 145.69546 69.134749 
1459947813625335 145.21555 69.099636 
1459947813639495 141.59719 69.119936 
1459947813656272 149.97564 69.122438 
1459947813672090 147.87838 69.128853 
1459947813687711 150.71046 69.118592 
1459947813704192 148.58259 69.10956 
1459947813720274 148.78876 69.108498 
1459947813736494 145.41671 69.120973 
1459947813751299 145.35309 69.124112 
1459947813765869 146.14531 69.118707 
1459947813780348 142.8596 69.124424 
1459947813794465 143.56757 69.126361 
1459947813809765 146.57902 69.129978 
1459947813825165 146.58865 69.129885 
1459947813840375 144.89403 69.134124 
1459947813855124 143.0048 69.125378 
1459947813869686 145.91321 69.12233 
1459947813884838 145.17777 69.121282 
1459947813901317 148.40547 69.121286 
1459947813915496 143.25796 69.116778 
1459947813930105 145.33159 69.107739 
1459947813945625 146.08274 69.138132 
1459947813959593 144.51735 69.126701 
1459947813975163 146.04448 69.119411 
1459947813989844 142.45875 69.118052 
1459947814003350 142.3451 69.127044 
1459947814018877 146.41173 69.125622 
1459947814033702 144.12336 69.115787 
1459947814049565 145.86796 69.128352 
1459947814064582 148.58143 69.128528 
1459947814079711 147.85968 69.113695 
1459947814094841 145.00143 69.11784 
1459947814108503 143.50535 69.119353 
1459947814122893 145.7929 69.113151 
1459947814138938 148.14156 69.121297 
1459947814153776 145.58845 69.128624 
1459947814169623 145.05399 69.117968 
1459947814184317 145.1756 69.122492 
1459947814199530 144.00654 69.11962 
1459947814215748 146.86665 69.12755 
1459947814231027 148.20303 69.133119 
1459947814246311 144.22287 69.123028 
1459947814261797 146.29628 69.103816 
1459947814277322 148.90136 69.141731 
1459947814293462 147.88173 69.121586 
1459947814308366 146.3131 69.11299 
1459947814324280 148.94792 69.116417 
1459947814339900 146.92345 69.107203 
1459947814355383 154.25691 69.120465 
1459947814372968 161.88509 69.135909 
1459947814391642 162.8934 69.125436 
1459947814409403 158.86869 69.137799 
1459947814427044 159.55711 69.132006 
1459947814444529 158.96768 69.120651 
1459947814463389 160.76716 69.132257 
1459947814481115 159.51363 69.13602 
1459947814499380 162.0808 69.128204 
1459947814516127 160.11261 69.11752 
1459947814533345 159.46851 69.128066 
1459947814550597 160.31667 69.130906 
1459947814569270 162.48838 69.116722 
1459947814585563 152.94713 69.132775 
1459947814602131 153.75563 69.135191 
1459947814621559 164.78266 69.097609 
1459947814639171 159.75303 69.127242 
1459947814656553 158.89221 69.125035 
1459947814674597 159.4612 69.109565 
1459947814691946 158.45792 69.121691 
1459947814710284 160.21071 69.138876 
1459947814728620 162.76127 69.130096 
1459947814747295 160.5887 69.120876 
1459947814764811 160.69943 69.09354 
1459947814783133 162.48702 69.12711 
1459947814802163 164.16617 69.113208 
1459947814818937 158.06881 69.12545 
1459947814835861 157.28829 69.122263 
1459947814853977 160.1055 69.113266 
1459947814872287 159.49315 69.125359 
1459947814889292 159.10195 69.127664 
1459947814907758 161.88007 69.128202 
1459947814925719 161.76775 69.121323 
1459947814944437 162.99502 69.132361 
1459947814963289 163.34893 69.121229 
1459947814981670 160.58561 69.126343 
1459947814997683 153.62891 69.115895 
1459947815016270 162.37966 69.11877 
1459947815034864 163.09759 69.104622 
1459947815053122 160.89218 69.13094 
1459947815071398 162.25602 69.11336 
1459947815089536 161.76604 69.125661 
1459947815105411 151.38498 69.126533 
1459947815120200 145.28545 69.130976 
1459947815136927 154.32594 69.119963 
1459947815153712 154.98821 69.132412 
1459947815169566 147.55925 69.1237 
1459947815187450 157.16333 69.137684 
1459947815203837 146.29211 69.127085 
1459947815221177 155.50381 69.124431 
1459947815238423 150.29769 69.119583 
1459947815254197 149.16087 69.121504 
1459947815270949 151.48267 69.13473 
1459947815285626 142.54514 69.133398 
1459947815301300 150.30018 69.125715 
1459947815315888 144.37968 69.123032 
1459947815332158 147.59159 69.126159 
1459947815348002 143.16412 69.108558 
1459947815363363 147.47215 69.120341 
1459947815378281 143.17809 69.131751 
1459947815394576 148.43606 69.129703 
1459947815410286 145.58788 69.134427 
1459947815426459 148.06971 69.116648 
1459947815442176 144.43179 69.13902 
1459947815457825 147.47897 69.120865 
1459947815473218 145.40842 69.099666 
1459947815488266 140.39826 69.125794 
1459947815504317 147.27241 69.130307 
1459947815521152 149.37639 69.132476 
1459947815537926 150.41865 69.125025 
1459947815552751 141.70883 69.11411 
1459947815569076 147.839 69.128979 
1459947815584001 141.80045 69.121823 
1459947815599427 146.82343 69.092044 
1459947815614559 143.76938 69.131939 
1459947815630138 146.44004 69.124902 
1459947815644689 142.9052 69.114457 
1459947815659935 145.70216 69.136213 
1459947815674277 140.24095 69.126969 
1459947815688734 145.92248 69.110983 
1459947815703914 142.73134 69.133014 
1459947815718768 142.49512 69.111601 
1459947815734583 147.08787 69.121517 
1459947815749842 144.0438 69.121928 
1459947815765884 146.28893 69.137245 
1459947815782571 149.0648 69.122828 
1459947815797540 143.12754 69.124249 
1459947815813718 147.15939 69.129718 
1459947815830061 147.69729 69.124058 
1459947815846024 148.08926 69.123263 
1459947815861102 146.35484 69.118542 
1459947815876330 143.47643 69.11772 
1459947815892369 145.45457 69.12041 
1459947815907787 148.34504 69.139589 
1459947815923979 145.63757 69.135199 
1459947815939805 146.96366 69.126123 
1459947815955113 145.90889 69.131261 
1459947815970394 146.84866 69.133546 
1459947815986019 146.84887 69.135931 
1459947816001705 146.45077 69.123154 
1459947816018110 149.64633 69.128147 
1459947816033845 146.19645 69.129684 
1459947816049549 146.98951 69.130841 
1459947816065958 146.83044 69.128126 
1459947816081419 146.4985 69.130801 
1459947816096671 147.5312 69.127369 
1459947816110957 145.13613 69.127507 
1459947816127838 149.75496 69.137538 
1459947816142907 142.50189 69.131494 
1459947816158021 145.43306 69.124728 
1459947816172501 144.27266 69.119098 
1459947816185444 139.07695 69.119683 
1459947816200453 144.38415 69.107881 
1459947816214271 139.99721 69.13312 
1459947816229953 145.37934 69.121323 
1459947816244082 142.84902 69.132243 
1459947816259725 144.9877 69.109593 
1459947816276060 148.28809 69.12894 
1459947816291582 147.45986 69.138949 
1459947816306520 142.08699 69.129194 
1459947816321663 148.22971 69.122551 
1459947816337292 146.29387 69.121208 
1459947816351496 145.28491 69.131452 
1459947816366327 143.00373 69.115387 
1459947816381734 146.35316 69.108928 
1459947816397827 150.39195 69.118208 
1459947816412097 141.69832 69.13008 
1459947816427781 148.27379 69.12871 
1459947816443586 145.67731 69.120394 
1459947816459794 148.50835 69.119994 
1459947816476004 148.92101 69.120276 
1459947816492407 148.1351 69.125699 
1459947816509120 150.20114 69.122805 
1459947816525075 147.53201 69.113842 
1459947816541344 148.72659 69.130642 
1459947816556714 147.43978 69.135571 
1459947816572777 147.80657 69.124094 
1459947816589239 148.92117 69.12076 
1459947816605890 147.95411 69.128987 
1459947816622053 150.96029 69.113069 
1459947816637875 145.76491 69.124045 
1459947816653743 148.87034 69.118523 
1459947816669431 145.07652 69.120505 
1459947816685395 149.4524 69.132398 
1459947816700735 145.82052 69.128017 
1459947816716639 143.68621 69.128437 
1459947816732956 151.34703 69.132996 
1459947816747756 144.42771 69.138235 
1459947816762960 150.09933 69.120356 
1459947816778981 147.10515 69.118612 
1459947816794732 147.33606 69.125002 
1459947816810288 147.51108 69.120253 
1459947816826372 147.62734 69.123633 
1459947816842956 149.35415 69.122223 
1459947816858739 148.79835 69.134289 
1459947816874722 149.30381 69.134146 
1459947816890182 146.8613 69.126204 
1459947816905048 145.63533 69.115631 
1459947816921170 147.86933 69.113419 
1459947816936960 147.61695 69.11797 
1459947816952697 148.8007 69.133301 
1459947816967393 146.43663 69.125887 
1459947816983721 146.91615 69.121094 
1459947816998893 147.90102 69.123063 
1459947817014893 147.2153 69.113233 
1459947817030212 147.46527 69.126378 
1459947817045425 146.05514 69.129552 
1459947817061188 146.71315 69.124706 
1459947817076130 144.18914 69.129692 
1459947817092163 148.12657 69.140103 
1459947817107485 148.17468 69.111709 
1459947817122159 142.39876 69.113398 
1459947817136749 141.71984 69.116485 
1459947817150734 142.1857 69.127414 
1459947817166788 146.53539 69.130491 
1459947817181705 148.0137 69.132448 
1459947817196978 147.6152 69.116392 
1459947817212136 145.76856 69.130401 
1459947817226903 146.59596 69.138112 
1459947817242392 141.87689 69.132425 
1459947817258670 149.60165 69.132191 
1459947817273102 145.67039 69.132133 
1459947817289156 149.41026 69.130542 
1459947817304320 147.3456 69.12864 
1459947817319465 147.16173 69.117694 
1459947817334055 144.28576 69.135346 
1459947817348329 146.75861 69.11969 
1459947817363271 145.09522 69.116773 
1459947817378020 144.89591 69.126077 
1459947817393332 147.94988 69.120184 
1459947817409602 148.68016 69.136157 
1459947817425572 148.05395 69.127376 
1459947817441811 148.431 69.135469 
1459947817457471 148.75213 69.100773 
1459947817472942 145.36169 69.125343 
1459947817488890 146.82119 69.130366 
1459947817503291 146.32808 69.129135 
1459947817518218 143.11593 69.116664 
1459947817533307 141.84153 69.121705 
1459947817549288 147.6542 69.134281 
1459947817564529 147.29271 69.12381 
1459947817578343 138.56786 69.102116 
1459947817592931 142.96451 69.135388 
1459947817607717 146.85415 69.115575 
1459947817622641 143.40823 69.118241 
1459947817638098 144.97679 69.118373 
1459947817653042 148.01479 69.122465 
1459947817668854 146.32929 69.12433 
1459947817684174 145.98648 69.127178 
1459947817699651 145.60119 69.126165 
1459947817715728 148.14389 69.126868 
1459947817730168 143.29773 69.132404 
1459947817747019 147.82881 69.123507 
1459947817763269 148.01163 69.114936 
1459947817778378 145.79474 69.1059 
1459947817793804 147.33031 69.131915 
1459947817809512 146.90756 69.12399 
1459947817824705 148.17139 69.12965 
1459947817840561 148.47418 69.128974 
1459947817856052 149.26262 69.13863 
1459947817871315 146.34142 69.11577 
1459947817887626 147.79565 69.134049 
1459947817902913 145.45988 69.115151 
1459947817917821 143.79521 69.128774 
1459947817932335 142.35265 69.12673 
1459947817947313 146.45052 69.134369 
1459947817963351 149.52746 69.130723 
1459947817979672 147.95113 69.116143 
1459947817994830 144.19953 69.111982 
1459947818011695 148.80032 69.124149 
1459947818026993 145.43901 69.126931 
1459947818041955 144.44442 69.122845 
1459947818056710 146.04863 69.132154 
1459947818071233 146.63784 69.127076 
1459947818086483 147.85824 69.133224 
1459947818101957 146.2421 69.120968 
1459947818117194 145.84757 69.107687 
1459947818132226 146.02648 69.115073 
1459947818147444 148.83422 69.106043 
1459947818163681 147.80343 69.141452 
1459947818179349 149.2906 69.130391 
1459947818194872 146.40587 69.126047 
1459947818211180 147.39741 69.128585 
1459947818227046 150.14789 69.127588 
1459947818241943 146.70093 69.112556 
1459947818257266 146.66547 69.12874 
1459947818272431 144.04345 69.142293 
1459947818288170 149.05235 69.13179 
1459947818303064 149.02355 69.128678 
1459947818318679 147.32769 69.127855 
1459947818334655 151.00719 69.141586 
1459947818351160 147.6295 69.108082 
1459947818366413 149.23185 69.125398 
1459947818382644 149.42802 69.099095 
1459947818398753 148.96078 69.107438 
1459947818415448 149.15896 69.125986 
1459947818431450 147.59153 69.110249 
1459947818446778 144.25414 69.123839 
1459947818462709 147.66091 69.130873 
1459947818479499 149.87194 69.141907 
1459947818496078 149.86581 69.128087 
1459947818512787 150.84325 69.116267 
1459947818529233 148.70923 69.121897 
1459947818545023 147.55173 69.121263 
1459947818561420 147.65171 69.125048 
1459947818575806 139.09454 69.123996 
1459947818590536 143.77406 69.120812 
1459947818605059 143.54763 69.122228 
1459947818620301 147.98649 69.132784 
1459947818634182 138.06826 69.109433 
1459947818648657 143.37251 69.111472 
1459947818664425 149.80124 69.101874 
1459947818679468 144.95647 69.128836 
1459947818694989 145.66907 69.132189 
1459947818710427 144.00495 69.110739 
1459947818726535 147.08245 69.116224 
1459947818742533 150.00393 69.134021 
1459947818758118 146.49255 69.122168 
1459947818772988 146.43874 69.126478 
1459947818788398 144.69984 69.138818 
1459947818804156 147.76886 69.126977 
1459947818818964 147.23874 69.111992 
1459947818834505 148.17127 69.12494 
1459947818849828 149.34274 69.117797 
1459947818866248 149.04705 69.103492 
1459947818881776 147.52208 69.119973 
1459947818897624 147.17047 69.128008 
1459947818912733 146.39645 69.114464 
1459947818928844 149.99827 69.131523 
1459947818944781 145.29816 69.128453 
1459947818960759 147.50619 69.128153 
1459947818976601 144.49589 69.1171 
1459947818991786 145.42597 69.137465 
1459947819007236 142.65106 69.133939 
1459947819023442 150.10784 69.138395 
1459947819039851 148.10158 69.117796 
1459947819055983 146.90428 69.132738 
1459947819070809 142.62953 69.129248 
1459947819087192 151.29726 69.127983 
1459947819101795 144.07928 69.113653 
1459947819118904 151.08332 69.126346 
1459947819133277 144.25871 69.136995 
1459947819148707 145.31935 69.1205 
1459947819163307 140.64654 69.126658 
1459947819179646 145.92113 69.117197 
1459947819196001 150.99346 69.118111 
1459947819212426 147.86188 69.127829 
1459947819227853 147.1494 69.135405 
1459947819243845 144.81229 69.13282 
1459947819260131 150.61161 69.125611 
1459947819275672 145.5028 69.116922 
1459947819291508 147.64329 69.138203 
1459947819307458 148.9906 69.125634 
1459947819323260 148.0044 69.126816 
1459947819338912 146.5392 69.113773 
1459947819354384 147.18184 69.123356 
1459947819369079 145.14976 69.127877 
1459947819383579 144.82853 69.125234 
1459947819397131 142.57089 69.127835 
1459947819412440 145.09827 69.122729 
1459947819427851 144.05573 69.132858 
1459947819442642 143.94088 69.133396 
1459947819457253 144.59008 69.121805 
1459947819472126 141.07109 69.117735 
1459947819487225 144.44873 69.103919 
1459947819502883 147.02958 69.118771 
1459947819517450 144.66256 69.112837 
1459947819533683 146.50486 69.13591 
1459947819548628 141.57273 69.132255 
1459947819564234 147.41026 69.132781 
1459947819579230 147.0956 69.108335 
1459947819593437 138.68651 69.129793 
1459947819609314 147.94851 69.117207 
1459947819624652 147.27996 69.127411 
1459947819641199 149.36777 69.112586 
1459947819656810 147.90393 69.131088 
1459947819671952 143.72079 69.118991 
1459947819688546 150.55027 69.12871 
1459947819702672 142.48936 69.120732 
1459947819719344 151.29037 69.133982 
1459947819734303 145.92749 69.126143 
1459947819749131 146.48554 69.119918 
1459947819764568 145.27231 69.131914 
1459947819780418 146.60523 69.120624 
1459947819796637 148.93292 69.124997 
1459947819812089 145.53518 69.126773 
1459947819828701 150.80458 69.104854 
1459947819843615 145.50356 69.120826 
1459947819860114 147.69479 69.136033 
1459947819876402 149.7098 69.119595 
1459947819892606 147.83874 69.119805 
1459947819908208 148.30248 69.131264 
1459947819924070 147.83781 69.140221 
1459947819941178 152.1761 69.124286 
1459947819957196 146.9626 69.114084 
1459947819972065 142.43157 69.12562 
1459947819988204 142.91484 69.127578 
1459947820003885 148.12863 69.130798 
1459947820020201 147.80075 69.123809 
1459947820036416 147.31476 69.123891 
1459947820052673 148.32559 69.123564 
1459947820069565 147.91246 69.111284 
1459947820085417 146.68615 69.137517 
1459947820101435 147.06688 69.125142 
1459947820117187 149.26861 69.127804 
1459947820132861 146.72452 69.132491 
1459947820148189 148.37106 69.127905 
1459947820164033 148.94041 69.097516 
1459947820179135 146.25647 69.124001 
1459947820195789 147.17381 69.11639 
1459947820211627 149.60169 69.117454 
1459947820226152 146.33409 69.115139 
1459947820242283 151.02856 69.127601 
1459947820257991 145.75399 69.129472 
1459947820273889 146.83036 69.135782 
1459947820290345 148.1319 69.121745 
1459947820306391 148.79931 69.122121 
1459947820322923 149.35593 69.111248 
1459947820339740 147.85689 69.118364 
1459947820354443 142.48537 69.113769 
1459947820370531 148.38018 69.126048 
1459947820385990 146.33693 69.120176 
1459947820401298 146.95632 69.120153 
1459947820417184 148.61704 69.1374 
1459947820431666 142.90816 69.116889 
1459947820447038 143.8086 69.133077 
1459947820463186 150.19316 69.12673 
1459947820478308 145.48255 69.136167 
1459947820494740 149.58013 69.129385 
1459947820511294 148.04974 69.13305 
1459947820526858 144.52325 69.128792 
1459947820542371 146.38495 69.130243 
1459947820557434 144.97707 69.123591 
1459947820573178 149.42505 69.116052 
1459947820588807 147.16065 69.128463 
1459947820604250 149.91208 69.132301 
1459947820620060 146.98747 69.120882 
1459947820634733 146.37262 69.119848 
1459947820650261 144.94223 69.13689 
1459947820665733 145.9481 69.098036 
1459947820682175 150.44961 69.113058 
1459947820697600 145.68785 69.121295 
1459947820713212 144.63892 69.121079 
1459947820728757 146.9932 69.135089 
1459947820744541 148.92334 69.130979 
1459947820761226 148.94834 69.119634 
1459947820775740 144.1519 69.104383 
1459947820791454 146.77545 69.121466 
1459947820807047 148.24724 69.119829 
1459947820822674 148.87697 69.141163 
1459947820837685 146.6474 69.126735 
1459947820853634 148.73139 69.114092 
1459947820868775 145.15425 69.110549 
1459947820884232 147.04824 69.131789 
1459947820900275 147.71685 69.123086 
1459947820916171 151.09421 69.110752 
1459947820932858 149.9889 69.127714 
1459947820948180 147.26621 69.10141 
1459947820962850 141.84909 69.121113 
1459947820977866 144.94537 69.13192 
1459947820993579 146.74941 69.13226 
1459947821009927 147.54482 69.122012 
1459947821025049 147.68925 69.123199 
1459947821041143 149.16482 69.13457 
1459947821051823 111.77464 69.118106 
1459947821067329 145.56095 69.11055 
1459947821081508 143.13945 69.121359 
1459947821096697 144.80331 69.133811 
1459947821112044 144.74035 69.127844 
1459947821128211 147.34596 69.130358 
1459947821142073 140.3199 69.125648 
1459947821157714 149.59587 69.128518 
1459947821173260 146.64436 69.11306 
1459947821189166 147.72875 69.126356 
1459947821203641 144.23875 69.127326 
1459947821219304 145.49009 69.129503 
1459947821235677 149.81215 69.115133 
1459947821250490 143.21969 69.131702 
