1459947780015934 145.27968 69.096498 
1459947780030633 142.08881 69.129743 
1459947780045498 146.35786 69.135921 
1459947780059552 141.99758 69.128721 
1459947780075635 148.34877 69.127147 
1459947780090737 148.36257 69.129191 
1459947780105702 146.68232 69.124489 
1459947780119670 141.71477 69.124928 
1459947780134446 143.54721 69.14396 
1459947780149843 147.26214 69.140454 
1459947780165520 148.64401 69.129025 
1459947780181077 144.85074 69.130016 
1459947780197097 146.49105 69.127922 
1459947780212402 144.32267 69.117323 
1459947780228474 146.40159 69.130004 
1459947780245300 149.11707 69.129749 
1459947780261691 147.19854 69.116879 
1459947780278033 148.31445 69.133148 
1459947780294170 147.331 69.132936 
1459947780309360 144.93355 69.125189 
1459947780324452 144.55979 69.131491 
1459947780339558 143.11883 69.117976 
1459947780355031 146.13004 69.13545 
1459947780370219 145.00476 69.126187 
1459947780385995 146.09656 69.139022 
1459947780401471 147.32619 69.12726 
1459947780414721 136.11592 69.118953 
1459947780430104 147.3228 69.127521 
1459947780445201 145.62894 69.122448 
1459947780459465 141.95415 69.126986 
1459947780473753 144.1258 69.105153 
1459947780488722 146.49433 69.121237 
1459947780501558 130.35897 69.125103 
1459947780515770 141.30672 69.118089 
1459947780529293 137.84461 69.125563 
1459947780544443 145.94821 69.11733 
1459947780559158 145.90855 69.128224 
1459947780574357 145.63937 69.114962 
1459947780589370 146.36199 69.12692 
1459947780604376 144.14273 69.120312 
1459947780619031 145.37516 69.117158 
1459947780632856 142.40986 69.11679 
1459947780647455 144.56144 69.102525 
1459947780660618 137.01886 69.118046 
1459947780674893 143.826 69.125436 
1459947780690619 148.52431 69.125501 
1459947780706245 147.11985 69.127686 
1459947780720445 142.86106 69.115449 
1459947780735791 144.84258 69.13565 
1459947780751645 147.94771 69.124027 
1459947780766792 145.66572 69.135003 
1459947780781978 146.17518 69.127674 
1459947780797815 147.01036 69.129127 
1459947780813302 144.55362 69.132454 
1459947780829147 145.84309 69.114579 
1459947780844951 148.83806 69.130596 
1459947780858310 138.2368 69.129386 
1459947780873922 146.33034 69.100521 
1459947780887578 133.89061 69.12976 
1459947780902068 145.60136 69.12237 
1459947780917553 149.41809 69.125465 
1459947780932677 144.01073 69.128011 
1459947780948162 146.90104 69.117831 
1459947780963430 145.36406 69.135873 
1459947780979057 148.11454 69.124521 
1459947780995702 148.59333 69.113598 
1459947781010591 147.12947 69.125383 
1459947781025705 147.65875 69.112279 
1459947781040866 145.56406 69.126581 
1459947781056527 147.77882 69.124235 
1459947781072626 150.36965 69.115351 
1459947781087557 148.55124 69.108476 
1459947781103360 146.87876 69.129404 
1459947781117673 140.00263 69.124122 
1459947781132939 144.14847 69.130409 
1459947781148175 147.16141 69.13321 
1459947781163154 144.5834 69.114012 
1459947781177978 144.87741 69.118876 
1459947781192698 145.43374 69.121258 
1459947781206591 139.90707 69.11752 
1459947781222850 147.16753 69.134588 
1459947781238092 145.91152 69.136069 
1459947781254035 148.08702 69.128053 
1459947781268415 143.13597 69.110936 
1459947781284723 147.68552 69.123792 
1459947781301626 150.27802 69.123123 
1459947781316282 146.18161 69.103081 
1459947781332147 147.96731 69.131866 
1459947781348431 149.4374 69.115332 
1459947781364772 147.81158 69.130954 
1459947781378181 137.28845 69.139958 
1459947781393581 146.27697 69.128395 
1459947781409584 148.04975 69.133212 
1459947781424324 146.74733 69.106202 
1459947781439544 146.89401 69.102177 
1459947781454896 143.90315 69.114294 
1459947781470619 148.7288 69.137051 
1459947781486677 148.52697 69.137612 
1459947781503287 150.91075 69.120282 
1459947781518750 148.139 69.123477 
1459947781534033 145.85971 69.119779 
1459947781548996 142.35913 69.112255 
1459947781564111 146.10531 69.131883 
1459947781578788 142.91061 69.131289 
1459947781593585 144.8854 69.130865 
1459947781609537 148.59821 69.135588 
1459947781623934 139.90746 69.117892 
1459947781639612 148.43486 69.125456 
1459947781654765 145.09989 69.102213 
1459947781668933 144.60582 69.120584 
1459947781683743 144.00322 69.122528 
1459947781698196 144.63519 69.134714 
1459947781712624 148.87832 69.112464 
1459947781728334 147.25576 69.112555 
1459947781742824 144.84314 69.119916 
1459947781757856 147.63707 69.126703 
1459947781772891 141.90792 69.134562 
1459947781788005 146.30445 69.123473 
1459947781836399 144.16853 69.13024 
1459947781852131 145.52628 69.115043 
1459947781868528 148.61572 69.131087 
1459947781882723 141.20077 69.138327 
1459947781898412 149.01073 69.122129 
1459947781914210 145.09233 69.117179 
1459947781930048 149.27304 69.121321 
1459947781944191 141.86541 69.120856 
1459947781958774 139.14349 69.118819 
1459947781973072 146.44278 69.128108 
1459947781987900 139.9163 69.132192 
1459947782002896 146.23847 69.1332 
1459947782017950 144.58053 69.131822 
1459947782032912 144.93352 69.115042 
1459947782048151 142.92888 69.096332 
1459947782063258 145.25322 69.106668 
1459947782078596 145.66486 69.120761 
1459947782093256 146.90073 69.096586 
1459947782108176 144.49948 69.119073 
1459947782122776 147.02898 69.12888 
1459947782136461 139.04811 69.130151 
1459947782152012 145.53211 69.116695 
1459947782167712 147.71688 69.130895 
1459947782182842 142.42444 69.134984 
1459947782198129 144.66326 69.109506 
1459947782211722 139.67562 69.127475 
1459947782228347 148.43454 69.113287 
1459947782244683 147.55214 69.128525 
1459947782261116 146.78416 69.125417 
1459947782276195 145.8388 69.134536 
1459947782292212 147.69998 69.130455 
1459947782307125 144.26884 69.131062 
1459947782321411 146.99962 69.106952 
1459947782336668 144.09388 69.124965 
1459947782353214 149.77028 69.125105 
1459947782367728 144.08571 69.128956 
1459947782382561 144.04089 69.126898 
1459947782397116 142.50355 69.121583 
1459947782412113 144.65217 69.124235 
1459947782426883 147.6075 69.124544 
1459947782442520 144.44225 69.130796 
1459947782458278 144.9267 69.130022 
1459947782474444 148.02165 69.128935 
1459947782489611 143.78976 69.132723 
1459947782505158 147.66268 69.133833 
1459947782519786 142.45863 69.129759 
1459947782535006 144.76327 69.111186 
1459947782550153 146.01256 69.123074 
1459947782564905 145.01273 69.11857 
1459947782580435 144.57961 69.115631 
1459947782594183 142.81254 69.126518 
1459947782607506 139.50539 69.140591 
1459947782621741 144.05657 69.121473 
1459947782636970 146.06713 69.129301 
1459947782650131 136.62393 69.130061 
1459947782665308 145.73471 69.131355 
1459947782679808 146.43136 69.114342 
1459947782693639 141.54961 69.131675 
1459947782707130 138.22331 69.115695 
1459947782723304 146.34884 69.103765 
1459947782739638 146.58196 69.117976 
1459947782755653 147.09518 69.121332 
1459947782769676 141.95415 69.119687 
1459947782784910 148.90822 69.115381 
1459947782799584 143.73266 69.136822 
1459947782813495 140.57906 69.126828 
1459947782828559 145.10289 69.126312 
1459947782843028 146.54695 69.118374 
1459947782856893 143.7258 69.138915 
1459947782871240 145.98116 69.119825 
1459947782885634 143.03316 69.11203 
1459947782900896 146.40632 69.12144 
1459947782916046 147.3426 69.130596 
1459947782930548 141.56293 69.125829 
1459947782944999 146.58943 69.129177 
1459947782960676 145.43617 69.111209 
1459947782975863 144.84847 69.11664 
1459947782991876 145.99439 69.129398 
1459947783008273 149.68577 69.115689 
1459947783023460 145.71787 69.129401 
1459947783038770 147.09192 69.122842 
1459947783054880 149.47731 69.112538 
1459947783069872 144.72225 69.111593 
1459947783085428 146.55019 69.124094 
1459947783100522 145.98704 69.122803 
1459947783114239 145.53767 69.119933 
1459947783128547 140.1968 69.126403 
1459947783143897 144.35754 69.115661 
1459947783158241 140.59861 69.12054 
1459947783173533 144.65119 69.132098 
1459947783187870 142.76698 69.107774 
1459947783201557 144.66374 69.126759 
1459947783216278 145.93314 69.127481 
1459947783231013 147.50294 69.107475 
1459947783244182 136.5653 69.109607 
1459947783259067 143.33801 69.125451 
1459947783275066 148.50269 69.125038 
1459947783290455 144.80934 69.128976 
1459947783306290 150.05065 69.120229 
1459947783319458 140.96421 69.12368 
1459947783335075 147.24127 69.130244 
1459947783350533 147.82419 69.133054 
1459947783364727 142.20922 69.123841 
1459947783378647 139.1719 69.128573 
1459947783393058 141.41414 69.123933 
1459947783408648 146.03745 69.121088 
1459947783423768 142.34365 69.11961 
1459947783437736 142.74039 69.128771 
1459947783452393 145.68999 69.129618 
1459947783466843 142.96508 69.13135 
1459947783483524 148.58343 69.129604 
1459947783502269 163.49174 69.131375 
1459947783520790 161.87381 69.117868 
1459947783537531 154.71192 69.134057 
1459947783553931 153.71042 69.125991 
1459947783571080 158.46633 69.132469 
1459947783588434 160.5502 69.112276 
1459947783605174 152.96955 69.117433 
1459947783621607 156.63856 69.133082 
1459947783639177 160.78206 69.130265 
1459947783655181 157.38378 69.117941 
1459947783672463 158.87774 69.128515 
1459947783690281 159.69098 69.137415 
1459947783707970 159.96949 69.124281 
1459947783730116 143.74382 69.125242 
1459947783746176 149.8969 69.121698 
1459947783763002 157.92918 69.13597 
1459947783779557 155.85417 69.124862 
1459947783794690 152.49579 69.129058 
1459947783810569 150.70874 69.13467 
1459947783827663 155.1224 69.117435 
1459947783842857 151.59769 69.12741 
1459947783844280 187.9308 14.579699 
1459947783845802 188.41907 14.25618 
1459947783846876 186.77929 13.807431 
1459947783848356 187.89595 13.989437 
1459947783849910 188.52339 14.024376 
1459947783851395 187.84995 13.653181 
1459947783853049 188.14706 15.267284 
1459947783854399 188.02494 14.670287 
1459947783856079 188.70372 14.109767 
1459947783857412 187.23645 13.886246 
1459947783858795 187.46708 14.51275 
1459947783860305 187.5785 14.280156 
1459947783861681 186.9492 14.600223 
1459947783863315 187.98921 14.902649 
1459947783864911 187.57951 13.99136 
1459947783866639 188.28522 14.673703 
1459947783868981 188.91722 15.280903 
1459947783870843 188.86104 14.813771 
1459947783872651 188.65877 14.67448 
1459947783874318 188.75362 13.939881 
1459947783876292 189.23412 14.134813 
1459947783878220 189.14986 14.817823 
1459947783880064 188.46777 13.934688 
1459947783881775 188.03206 14.551402 
1459947783883448 188.37856 14.411961 
1459947783884583 186.99493 14.651363 
1459947783886091 187.89995 15.148312 
1459947783887484 187.12447 14.628253 
1459947783889130 188.8002 14.578539 
1459947783890857 189.16557 14.848007 
1459947783892518 188.84558 14.685933 
1459947783894064 188.07415 14.591466 
1459947783895660 188.15135 14.204088 
1459947783897291 188.60562 14.005512 
1459947783899289 189.54889 14.17373 
1459947783900997 188.26768 14.528037 
1459947783902806 188.86045 14.349539 
1459947783904912 189.60627 14.515129 
1459947783906528 188.76799 13.830529 
1459947783908037 187.77759 13.920611 
1459947783909473 187.34192 14.710015 
1459947783910791 187.62381 14.577959 
1459947783912276 188.0745 14.637853 
1459947783913756 186.98551 14.236129 
1459947783915320 187.25318 14.495265 
1459947783916962 188.11064 13.953215 
1459947783918739 188.87559 14.348629 
1459947783920629 189.61234 13.862338 
1459947783922519 189.2895 15.021815 
1459947783924021 188.85989 14.021847 
1459947783925759 188.04478 14.716828 
1459947783927265 187.9634 14.28651 
1459947783928698 187.73486 14.616041 
1459947783930098 187.93565 14.06947 
1459947783932009 189.33217 14.122718 
1459947783933898 188.72639 13.9919 
1459947783935726 188.78058 14.763658 
1459947783937583 188.97892 13.535584 
1459947783939264 188.40903 14.414185 
1459947783940945 188.822 14.421517 
1459947783942592 186.956 15.722298 
1459947783944467 188.9141 14.394243 
1459947783945965 187.53359 14.364635 
1459947783947879 188.72692 14.65019 
1459947783949561 187.8072 14.744603 
1459947783951247 189.0429 14.264095 
1459947783952732 188.57401 14.687256 
1459947783954522 188.68347 14.703584 
1459947783956402 189.40733 14.173476 
1459947783958130 187.97856 14.123403 
1459947783960033 188.56177 15.03035 
1459947783961542 188.09669 14.548096 
1459947783963174 188.52798 14.335566 
1459947783965034 188.83649 14.184274 
1459947783966437 187.67405 14.460329 
1459947783967398 185.55138 14.435177 
1459947783968846 187.57833 14.66554 
1459947783970378 187.48221 14.950293 
1459947783971919 187.96857 15.198407 
1459947783973777 188.62906 15.189929 
1459947783975681 188.72257 14.627471 
1459947783977541 188.88845 15.703364 
1459947783979437 188.53379 14.380489 
1459947783980658 187.46529 14.386467 
1459947783982416 188.30786 14.315076 
1459947783984229 189.63522 14.110174 
1459947783985710 188.13673 14.51943 
1459947783987395 188.68842 14.623944 
1459947783989010 188.36679 14.871301 
1459947783990788 188.84824 14.413876 
1459947783992480 188.45632 14.686509 
1459947783994061 187.98048 14.502168 
1459947783995878 188.33861 14.617832 
1459947783997307 188.0223 13.993381 
1459947783998905 188.38905 14.058992 
1459947784000634 188.15722 14.379363 
1459947784002139 187.81714 14.112676 
1459947784003957 188.25334 14.509097 
1459947784005450 188.38199 14.524359 
1459947784007249 189.02626 14.314145 
1459947784008914 188.46923 14.167553 
1459947784010433 188.37325 14.426387 
1459947784012003 188.46522 14.076249 
1459947784013586 188.95622 13.896359 
1459947784015140 188.42024 14.640335 
1459947784016947 188.40457 14.735284 
1459947784018581 188.00175 14.640395 
1459947784020457 189.26302 14.635868 
1459947784022182 188.53344 14.183599 
1459947784023693 188.35495 14.66394 
1459947784025176 187.64834 14.506152 
1459947784026812 188.63644 14.326721 
1459947784028506 188.71428 14.081405 
1459947784029910 187.43147 14.345664 
1459947784030993 187.05385 14.194484 
1459947784032715 188.11763 15.163976 
1459947784034433 188.50985 14.30582 
1459947784036301 188.75166 13.968707 
1459947784037848 188.64516 14.000957 
1459947784039615 188.79699 14.131437 
1459947784041410 188.87793 13.281564 
1459947784043053 189.15936 13.271867 
1459947784045170 189.25497 15.050797 
1459947784046934 188.83917 14.336279 
1459947784048700 188.71759 14.526203 
1459947784050789 188.7322 14.602831 
1459947784052799 188.75132 14.605058 
1459947784054516 188.289 14.444762 
1459947784056029 188.07106 14.62475 
1459947784058001 188.98227 14.323573 
1459947784059630 188.4905 14.402961 
1459947784060964 188.00192 13.755416 
1459947784062737 189.00358 14.848064 
1459947784064492 188.69729 13.922261 
1459947784066328 188.90572 14.461371 
1459947784068116 188.93957 14.353864 
1459947784069881 189.15218 14.638901 
1459947784071802 189.54955 14.209039 
1459947784073916 189.34604 14.919484 
1459947784075615 189.20689 13.617228 
1459947784077491 188.97537 14.571217 
1459947784079415 188.75118 14.211662 
1459947784081329 188.828 14.03606 
1459947784083417 189.28253 15.322624 
1459947784084907 186.9793 14.585492 
1459947784086069 185.80585 14.411783 
1459947784087637 188.4064 13.465205 
1459947784088971 187.62777 13.604767 
1459947784090628 188.36181 14.023102 
1459947784092273 188.79914 13.871262 
1459947784093852 188.13718 14.76858 
1459947784095268 186.74208 14.874129 
1459947784096969 188.77601 14.253974 
1459947784098621 188.01453 14.953242 
1459947784100327 189.08604 14.425436 
1459947784101947 188.52203 14.145483 
1459947784103640 188.59092 13.89051 
1459947784105429 189.44206 14.123277 
1459947784107264 188.78537 14.953395 
1459947784109180 188.97443 15.414978 
1459947784111155 189.40243 14.984706 
1459947784112658 188.09866 14.300061 
1459947784114379 189.07115 13.755965 
1459947784116031 188.32189 14.213813 
1459947784117658 188.70225 14.300544 
1459947784119486 189.45297 14.258293 
1459947784121341 188.51357 15.114741 
1459947784123079 188.83682 13.895339 
1459947784124661 188.73593 13.935782 
1459947784126206 188.277 14.3312 
1459947784128044 189.17293 14.390783 
1459947784130012 189.08287 14.368118 
1459947784131853 189.20711 14.276692 
1459947784133527 188.80795 13.991569 
1459947784135046 189.00222 14.301773 
1459947784136691 187.9455 13.752609 
1459947784138165 188.74938 13.958557 
1459947784139896 188.8872 14.133836 
1459947784141570 188.50077 14.270622 
1459947784143342 188.75161 14.741651 
1459947784145124 188.78577 14.265834 
1459947784146972 188.94057 14.663835 
1459947784148588 188.76336 14.650392 
1459947784150506 189.1549 14.288834 
1459947784152252 188.48173 14.489743 
1459947784153901 188.75803 14.13051 
1459947784155842 189.00926 14.095993 
1459947784157601 188.36608 14.616212 
1459947784158729 186.1111 14.546449 
1459947784160450 188.72346 14.753898 
1459947784161847 187.72292 14.117263 
1459947784163494 189.02509 14.300255 
1459947784165410 189.17568 14.825828 
1459947784167121 188.86633 14.704394 
1459947784169068 189.06036 14.720502 
1459947784171026 189.18499 14.196852 
1459947784172936 189.1009 14.100666 
1459947784174822 188.80001 14.901089 
1459947784176673 189.05797 14.388101 
1459947784178466 188.75272 14.939613 
1459947784180364 189.04667 14.253984 
1459947784182177 188.89403 14.465412 
1459947784184014 188.8688 14.920135 
1459947784185528 188.48426 14.242497 
1459947784187635 189.64185 14.924512 
1459947784189676 189.50997 14.335906 
1459947784191292 188.61135 14.498901 
1459947784193082 188.6031 14.925523 
1459947784195076 190.1141 14.067744 
1459947784197138 189.45513 15.580538 
1459947784198958 189.06397 15.158414 
1459947784200743 188.37793 13.763707 
1459947784202313 189.01 14.043611 
1459947784203929 188.41341 14.26828 
1459947784205882 189.18898 14.597515 
1459947784207727 188.99496 13.540831 
1459947784209332 188.43741 14.053427 
1459947784210580 186.55634 14.568514 
1459947784212537 188.80797 14.202906 
1459947784214344 189.08332 14.253418 
1459947784216424 189.32654 14.47427 
1459947784218162 188.07791 14.62479 
1459947784219905 187.58189 14.86377 
1459947784221784 188.25713 14.559653 
1459947784222861 186.2286 13.196453 
1459947784224524 189.11424 13.903224 
1459947784226576 189.81898 13.965388 
1459947784228276 188.24339 13.998852 
1459947784229898 188.16699 14.001672 
1459947784231298 188.00858 13.833335 
1459947784232776 187.53138 14.10126 
1459947784234188 187.53909 14.644764 
1459947784235265 186.82087 13.626463 
1459947784236742 187.62058 14.048767 
1459947784238207 187.85814 14.437772 
1459947784239747 188.70955 14.39579 
1459947784241450 188.48388 14.157593 
1459947784243260 188.51964 14.762935 
1459947784244936 188.81049 14.290583 
1459947784246375 187.55476 14.17092 
1459947784247871 187.7053 14.570411 
1459947784249664 188.24347 14.717529 
1459947784251697 188.56074 15.228888 
1459947784253301 188.12366 14.692264 
1459947784255073 188.41845 13.819637 
1459947784256879 188.59333 14.514405 
1459947784258484 187.70617 14.264524 
1459947784260075 186.92538 15.050944 
1459947784261873 187.8466 14.783906 
1459947784263300 187.91863 14.074729 
1459947784280056 153.27539 69.130084 
1459947784293746 139.22162 69.130739 
1459947784309798 152.81959 69.124053 
1459947784324935 146.40347 69.12479 
1459947784341198 153.52022 69.128162 
1459947784354898 139.34336 69.110924 
1459947784368744 144.2648 69.129961 
1459947784383855 144.23344 69.12517 
1459947784398812 144.54003 69.112165 
1459947784411822 138.35593 69.123046 
1459947784426240 142.04078 69.12036 
1459947784441390 143.80548 69.134938 
1459947784456566 144.02251 69.121877 
1459947784472478 146.13493 69.134972 
1459947784487134 143.78931 69.123737 
1459947784502523 145.54828 69.118465 
1459947784517741 143.47517 69.113734 
1459947784532384 148.19606 69.135514 
1459947784548488 144.75737 69.138484 
1459947784563077 143.30647 69.133553 
1459947784577534 144.79232 69.103051 
1459947784592267 145.94597 69.136651 
1459947784607143 145.0115 69.120826 
1459947784621680 143.2205 69.134996 
1459947784636437 144.87591 69.109413 
1459947784651594 145.22063 69.120719 
1459947784666319 145.93244 69.130367 
1459947784680851 141.56531 69.10858 
1459947784696167 143.5941 69.132926 
1459947784710701 144.11175 69.107588 
1459947784724887 139.53195 69.127196 
1459947784741046 149.19679 69.134818 
1459947784756744 144.27698 69.126883 
1459947784772544 147.48696 69.120122 
1459947784786163 141.26488 69.132579 
1459947784801116 143.95316 69.118985 
1459947784816275 143.59219 69.113904 
1459947784830316 138.70949 69.135009 
1459947784844505 138.66285 69.138353 
1459947784859615 144.32069 69.125919 
1459947784873753 143.00235 69.13266 
1459947784889597 146.0488 69.126354 
1459947784904263 140.95768 69.120614 
1459947784919464 148.39953 69.135368 
1459947784933946 139.42469 69.130065 
1459947784949354 146.56843 69.097489 
1459947784963246 139.00605 69.105643 
1459947784978570 145.52741 69.130695 
1459947784994059 148.46417 69.108285 
1459947785008577 143.43957 69.130375 
1459947785022315 137.92668 69.132955 
1459947785033894 125.62703 69.117033 
1459947785049019 143.59593 69.132154 
1459947785064861 149.57331 69.121144 
1459947785078914 138.19885 69.118367 
1459947785093677 145.10727 69.12888 
1459947785108269 143.76175 69.112051 
1459947785122562 142.70238 69.127854 
1459947785138758 150.21675 69.11319 
1459947785153451 142.92732 69.117793 
1459947785168802 146.38156 69.126868 
1459947785184511 145.11342 69.136247 
1459947785199318 143.65777 69.129043 
1459947785215159 147.17019 69.120216 
1459947785229346 142.81248 69.124703 
1459947785246579 150.50558 69.113709 
1459947785261842 147.16857 69.128741 
1459947785278824 149.7436 69.112465 
1459947785293580 144.21559 69.123057 
1459947785306817 139.79874 69.11506 
1459947785322599 148.61182 69.135031 
1459947785338376 148.18284 69.121276 
1459947785354322 151.2345 69.134408 
1459947785370091 141.54102 69.134651 
1459947785386126 148.50295 69.135322 
1459947785401360 142.63319 69.133654 
1459947785415644 143.73146 69.122093 
1459947785430636 147.99856 69.135352 
1459947785445564 144.0978 69.127201 
1459947785461143 148.59283 69.12607 
1459947785475970 145.08595 69.136658 
1459947785489472 131.61691 69.128053 
1459947785504959 146.71516 69.12101 
1459947785520538 145.02805 69.124728 
1459947785535602 146.20598 69.111326 
1459947785550306 142.81227 69.119242 
1459947785566628 149.59574 69.123152 
1459947785581580 143.99132 69.118055 
1459947785596026 140.2018 69.123318 
1459947785609556 138.77448 69.129744 
1459947785624928 144.63418 69.128192 
1459947785640236 149.6323 69.12421 
1459947785655777 144.44824 69.130905 
1459947785672339 148.09572 69.10601 
1459947785686896 143.39823 69.118926 
1459947785702408 145.4024 69.123795 
1459947785719085 149.6223 69.11386 
1459947785734352 143.10014 69.127557 
1459947785750319 145.33025 69.121356 
1459947785766504 147.19283 69.119394 
1459947785782905 147.5905 69.138108 
1459947785798118 144.22365 69.139551 
1459947785812575 141.42334 69.138708 
1459947785827387 142.82382 69.134765 
1459947785842934 144.51358 69.130104 
1459947785858095 144.96513 69.134215 
1459947785873350 144.32693 69.12814 
1459947785888312 145.76654 69.120665 
1459947785903707 145.28785 69.130716 
1459947785918106 143.6271 69.118059 
1459947785932711 144.79681 69.119582 
1459947785948276 147.83103 69.129694 
1459947785963947 146.37549 69.135929 
1459947785978834 143.80654 69.120823 
1459947785994232 147.87222 69.132232 
1459947786010927 147.29614 69.125302 
1459947786027186 148.46168 69.116864 
1459947786042906 146.72354 69.13409 
1459947786059906 149.40894 69.118699 
1459947786075655 146.30203 69.107781 
1459947786092451 148.30725 69.11918 
1459947786108338 145.56608 69.13239 
1459947786124638 147.57389 69.123235 
1459947786138859 142.04457 69.133136 
1459947786153432 144.32146 69.129502 
1459947786167699 143.42012 69.138089 
1459947786180822 132.87286 69.119958 
1459947786195185 140.41401 69.108732 
1459947786209389 142.61172 69.124563 
1459947786223669 146.00996 69.12434 
1459947786238677 142.76002 69.12882 
1459947786253929 146.37706 69.136638 
1459947786269801 145.85899 69.133949 
1459947786285794 148.21578 69.120674 
1459947786300066 143.14321 69.116974 
1459947786314390 143.60702 69.124277 
1459947786329482 147.00136 69.118948 
1459947786343071 140.61186 69.136934 
1459947786357869 144.64821 69.131084 
1459947786370609 135.13234 69.112607 
1459947786385203 143.51941 69.123673 
1459947786401338 147.32416 69.112896 
1459947786415172 142.44955 69.132317 
1459947786429252 142.29838 69.121875 
1459947786442715 136.09715 69.125533 
1459947786457299 143.70206 69.129388 
1459947786471434 142.84326 69.119488 
1459947786486353 142.60856 69.130238 
1459947786500542 144.6099 69.097691 
1459947786516308 147.71864 69.107956 
1459947786532112 145.77056 69.125963 
1459947786547514 147.2254 69.121452 
1459947786563347 146.99822 69.123874 
1459947786579446 147.77662 69.130832 
1459947786594169 144.81256 69.123429 
1459947786609396 145.71497 69.13583 
1459947786624917 145.00199 69.123947 
1459947786640232 144.56495 69.131129 
1459947786656466 146.89035 69.120726 
1459947786672266 143.83333 69.135945 
1459947786687068 146.56677 69.132023 
1459947786703184 147.67883 69.109672 
1459947786719125 146.37865 69.123085 
1459947786734951 147.81904 69.138248 
1459947786750850 147.77028 69.131152 
1459947786766130 146.18462 69.103468 
1459947786781599 148.72535 69.120644 
1459947786798336 148.36789 69.122914 
1459947786813874 146.18556 69.123694 
1459947786827768 140.82746 69.121477 
1459947786842326 142.78874 69.108187 
1459947786857881 145.21542 69.112504 
1459947786873333 146.65283 69.11713 
1459947786886808 140.50905 69.120152 
1459947786901914 147.0394 69.124419 
1459947786917309 145.35686 69.110757 
1459947786932298 145.05001 69.112269 
1459947786947098 146.6497 69.129815 
1459947786962588 145.48026 69.121789 
1459947786977596 144.51388 69.121654 
1459947786992333 143.73883 69.132465 
1459947787007683 143.2094 69.13191 
1459947787022792 143.5168 69.136043 
1459947787038525 145.6069 69.114808 
1459947787054746 148.2356 69.130447 
1459947787070331 145.42922 69.116656 
1459947787085304 143.88019 69.119308 
1459947787099954 144.35922 69.128612 
1459947787114837 143.87479 69.12069 
1459947787128888 144.9433 69.139536 
1459947787141839 140.99455 69.138045 
1459947787157175 143.18242 69.116111 
1459947787173190 147.45073 69.11513 
1459947787187125 142.65534 69.123876 
1459947787201730 145.18233 69.120648 
1459947787216978 146.97759 69.130217 
1459947787231624 145.65906 69.129332 
1459947787248300 150.39027 69.127329 
1459947787264340 147.01033 69.107994 
1459947787280298 146.63323 69.110298 
1459947787295575 144.48803 69.096424 
1459947787310942 144.338 69.124188 
1459947787326778 147.37727 69.114918 
1459947787342318 144.75532 69.127739 
1459947787358432 147.87669 69.118004 
1459947787372859 140.68653 69.129512 
1459947787387725 140.59735 69.132575 
1459947787402745 144.90207 69.118883 
1459947787417138 138.51812 69.131463 
1459947801987515 144.29023 69.119463 
1459947802003203 147.75264 69.12945 
1459947802019139 146.05056 69.126398 
1459947802035240 147.73704 69.135786 
1459947802050683 145.95458 69.126084 
1459947802067420 148.61814 69.129824 
1459947802080414 137.9745 69.132435 
1459947802094818 146.04545 69.119952 
1459947802109653 142.23031 69.112063 
1459947802125313 145.95561 69.123506 
1459947802141132 149.45419 69.114823 
1459947802157699 148.10112 69.129881 
1459947802173547 148.47255 69.119433 
1459947802189859 148.04296 69.139124 
1459947802205774 146.82971 69.135078 
1459947802221998 147.64898 69.110568 
1459947802236702 145.01239 69.125327 
1459947802252901 147.39792 69.140003 
1459947802268249 144.1937 69.115563 
1459947802284211 147.11108 69.127801 
1459947802299196 142.01323 69.120148 
1459947802314925 147.72675 69.111243 
1459947802330806 144.06803 69.137665 
1459947802346121 147.33764 69.132761 
1459947802360130 143.80208 69.12668 
1459947802375645 147.48557 69.12906 
1459947802390187 146.34183 69.122704 
1459947802404741 142.8904 69.126749 
1459947802420115 146.85664 69.131397 
1459947802435354 145.8964 69.118837 
1459947802450643 148.90969 69.131164 
1459947802465519 146.20472 69.138301 
1459947802479792 144.63149 69.128248 
1459947802494474 144.90987 69.133254 
1459947802509098 146.12593 69.119829 
1459947802524188 146.56336 69.133596 
1459947802537615 140.64968 69.128544 
1459947802550609 139.30402 69.117114 
1459947802565533 144.62573 69.123847 
1459947802579858 144.33174 69.111373 
1459947802593825 144.91807 69.125134 
1459947802608834 146.06031 69.119151 
1459947802624383 147.47659 69.112384 
1459947802640380 148.87049 69.104483 
1459947802656709 148.83904 69.103029 
1459947802672310 146.08795 69.114495 
1459947802687722 145.48628 69.133799 
1459947802703045 147.70222 69.11065 
1459947802718911 147.50459 69.133922 
1459947802734357 147.67348 69.133067 
1459947802749357 148.02909 69.132499 
1459947802764926 145.33848 69.116266 
1459947802779742 144.15358 69.132537 
1459947802795494 147.12943 69.129056 
1459947802811066 147.10093 69.121757 
1459947802826568 147.84766 69.114171 
1459947802841321 142.76965 69.135809 
1459947802856692 145.91158 69.131523 
1459947802872464 146.93991 69.13096 
1459947802888354 148.8721 69.124215 
1459947802903712 149.07358 69.133027 
1459947802917846 144.97308 69.116768 
1459947802934071 147.98225 69.123876 
1459947802950411 149.02165 69.12667 
1459947802966602 147.21749 69.116805 
1459947802982123 146.4893 69.109163 
1459947802998511 146.25902 69.137636 
1459947803014048 146.38985 69.119993 
1459947803029287 147.37668 69.122054 
1459947803045138 145.0151 69.10929 
1459947803060933 148.38982 69.111184 
1459947803076147 145.51557 69.130439 
1459947803091721 145.69556 69.135223 
1459947803107174 148.43088 69.123443 
1459947803122818 145.84455 69.119878 
1459947803139783 149.26721 69.124149 
1459947803155151 146.84795 69.119988 
1459947803171460 148.38766 69.123886 
1459947803186647 144.86337 69.1179 
1459947803202811 149.53724 69.124743 
1459947803219661 150.24516 69.129098 
1459947803236920 154.78664 69.121812 
1459947803251790 143.81896 69.111887 
1459947803267412 144.82789 69.126504 
1459947803283155 146.35743 69.118741 
1459947803297633 144.88306 69.116879 
1459947803312295 144.24241 69.124047 
1459947803327775 146.50982 69.125942 
1459947803343798 146.02889 69.122125 
1459947803359338 144.73926 69.124461 
1459947803373780 141.57953 69.12187 
1459947803387181 138.07601 69.108479 
1459947803402776 146.46449 69.116901 
1459947803416318 140.18563 69.125591 
1459947803431605 145.18662 69.124958 
1459947803446258 141.2826 69.122868 
1459947803461244 143.53378 69.126626 
1459947803475990 144.42495 69.122011 
1459947803490840 143.5774 69.1153 
1459947803506122 148.05672 69.120194 
1459947803521270 144.31053 69.132651 
1459947803536266 144.39504 69.117921 
1459947803550630 142.07279 69.127453 
1459947803565464 145.90572 69.129835 
1459947803581199 147.29825 69.11987 
1459947803595678 144.36687 69.129215 
1459947803611599 146.18365 69.124087 
1459947803628216 146.74214 69.121911 
1459947803644488 147.22608 69.120277 
1459947803660555 148.21542 69.118869 
1459947803676177 143.60974 69.127151 
1459947803691362 148.11549 69.131687 
1459947803706094 143.46046 69.11862 
1459947803722402 147.11533 69.123027 
1459947803738002 146.19446 69.120904 
1459947803752943 145.75654 69.121966 
1459947803768632 147.25801 69.112758 
1459947803783870 147.59975 69.136099 
1459947803799516 148.80855 69.13069 
1459947803814412 147.08715 69.123803 
1459947803828949 141.7098 69.115458 
1459947803842201 138.55818 69.124289 
1459947803856747 140.85938 69.11575 
1459947803870664 141.47375 69.123695 
1459947803884422 138.30516 69.124169 
1459947803897756 140.88525 69.129344 
1459947803911894 139.40823 69.131137 
1459947803925747 140.38087 69.133378 
1459947803940224 143.54545 69.124461 
1459947803954942 140.18793 69.115933 
1459947803967959 139.48753 69.121546 
1459947803982312 146.45396 69.116255 
1459947803997508 146.00984 69.122304 
1459947804013684 149.94707 69.119711 
1459947804030122 145.74844 69.127531 
1459947804045675 147.60459 69.10288 
1459947804062130 145.77969 69.122924 
1459947804076372 143.47545 69.114136 
1459947804091479 148.16469 69.126031 
1459947804106853 146.49786 69.11313 
1459947804122519 147.89873 69.127047 
1459947804137549 142.57195 69.130797 
1459947804151977 141.25299 69.127778 
1459947804167656 146.55177 69.106792 
1459947804180894 137.1887 69.119925 
1459947804197329 149.84663 69.127494 
1459947804212708 144.69599 69.121607 
1459947804228647 146.92137 69.1163 
1459947804243171 145.96188 69.117341 
1459947804258354 146.20146 69.117158 
1459947804274597 151.14777 69.127552 
1459947804290157 146.01082 69.118924 
1459947804305166 143.68634 69.124562 
1459947804321442 146.84006 69.104388 
1459947804337133 148.21836 69.132281 
1459947804353361 147.38448 69.114013 
1459947804368367 142.1117 69.127652 
1459947804383995 144.86044 69.122031 
1459947804399342 146.26704 69.128322 
1459947804415894 149.25195 69.121432 
1459947804431234 145.01386 69.137655 
1459947804447448 148.56786 69.131712 
1459947804463616 145.7803 69.128486 
1459947804479255 146.65492 69.116083 
1459947804494976 146.40127 69.119615 
1459947804511598 148.76112 69.12702 
1459947804527084 146.8498 69.117958 
1459947804542979 145.87647 69.133666 
1459947804558736 145.6351 69.127485 
1459947804574077 146.61023 69.122238 
1459947804588541 138.08487 69.125123 
1459947804603671 143.40515 69.130796 
1459947804618412 140.80156 69.127692 
1459947804634537 146.03088 69.120096 
1459947804650936 147.61032 69.122581 
1459947804666289 145.91276 69.122427 
1459947804681333 146.57106 69.120776 
1459947804696315 145.47769 69.131108 
1459947804711190 144.63852 69.123031 
1459947804726381 144.757 69.136685 
1459947804741142 147.34508 69.119188 
1459947804754992 138.29588 69.126299 
1459947804770039 146.34797 69.132563 
1459947804783934 143.24675 69.133081 
1459947804798416 144.76284 69.117377 
1459947804812528 144.45665 69.122863 
1459947804827565 147.01882 69.136945 
1459947804842463 146.27586 69.124166 
1459947804857762 144.6164 69.115027 
1459947804872766 145.40983 69.128159 
1459947804886971 141.57081 69.124753 
1459947804902334 144.3939 69.125149 
1459947804915802 139.23277 69.115855 
1459947804931068 145.60622 69.123154 
1459947804945745 144.83128 69.118672 
1459947804959592 139.7457 69.129375 
1459947804975174 143.21772 69.116819 
1459947804990314 145.43106 69.139036 
1459947805004464 141.14255 69.125313 
1459947805018445 145.90792 69.126459 
1459947805033248 145.06851 69.116886 
1459947805048237 147.9463 69.116294 
1459947805062502 144.21453 69.131378 
1459947805077964 147.61303 69.139229 
1459947805091806 144.26726 69.115713 
1459947805106247 146.27501 69.123368 
1459947805121698 142.92883 69.126211 
1459947805136445 144.43852 69.118752 
1459947805150901 144.24281 69.133314 
1459947805166225 144.47457 69.099335 
1459947805182066 146.60906 69.112644 
1459947805196941 144.62873 69.11354 
1459947805212636 144.51617 69.118564 
1459947805227936 145.611 69.123014 
1459947805242716 145.38248 69.129413 
1459947805258181 146.6401 69.138665 
1459947805273055 144.5334 69.122567 
1459947805287455 144.93088 69.134211 
1459947805302345 144.76999 69.118878 
1459947805316974 141.73363 69.135121 
1459947805332504 147.63801 69.132873 
1459947805347919 144.47305 69.131552 
1459947805363255 145.24388 69.131083 
1459947805378091 144.70623 69.137736 
1459947805394150 148.6909 69.117527 
1459947805407688 136.26096 69.12319 
1459947805423033 144.25696 69.09831 
1459947805437976 144.28004 69.10555 
1459947805454122 149.24264 69.115127 
1459947805469803 144.55612 69.116476 
1459947805484570 147.06278 69.125142 
1459947805499563 145.04419 69.124219 
1459947805513096 133.6123 69.130394 
1459947805529177 149.05611 69.132467 
1459947805543534 141.20388 69.137854 
1459947805559176 144.94006 69.117329 
1459947805574730 142.9654 69.122498 
1459947805588899 143.05847 69.124958 
1459947805604157 144.53398 69.128717 
1459947805618113 138.61147 69.132421 
1459947805633800 144.94511 69.11688 
1459947805649457 145.88359 69.107391 
1459947805664107 143.08799 69.121443 
1459947805678530 143.77784 69.1261 
1459947805692930 143.91654 69.111388 
1459947805707397 144.96352 69.136898 
1459947805722395 147.69035 69.13059 
1459947805737627 146.27959 69.117804 
1459947805753482 145.99213 69.107027 
1459947805769138 145.81579 69.122342 
1459947805784588 142.70986 69.140022 
1459947805800844 146.87887 69.131093 
1459947805815837 143.96848 69.121965 
1459947805830308 142.47581 69.125377 
1459947805845274 143.63487 69.128674 
1459947805860007 144.63598 69.122628 
1459947805874965 148.67639 69.12476 
1459947805889506 144.60436 69.115817 
1459947805903410 142.47909 69.122517 
1459947805918780 145.98996 69.126802 
1459947805934201 146.91002 69.120426 
1459947805949187 148.86988 69.129173 
1459947805963512 143.55864 69.122558 
1459947805978082 141.86935 69.113757 
1459947805993064 145.00448 69.118593 
1459947806008454 144.43242 69.111459 
1459947806023841 146.77875 69.11234 
1459947806038652 144.49588 69.118614 
1459947806053825 142.89665 69.11634 
1459947806069383 147.42648 69.125001 
1459947806085623 148.06042 69.118235 
1459947806100934 147.1646 69.132364 
1459947806116563 146.91891 69.137128 
1459947806130567 142.25453 69.106814 
1459947806144423 141.16448 69.119924 
1459947806158414 138.52235 69.117293 
1459947806173699 143.36875 69.103069 
1459947806188504 145.93413 69.107969 
1459947806203474 145.35069 69.134407 
1459947806218917 145.44425 69.135601 
1459947806234381 145.51054 69.12299 
1459947806250096 146.07656 69.123316 
1459947806265367 144.23468 69.129814 
1459947806280853 146.26289 69.128908 
1459947806295937 146.21334 69.140905 
1459947806311677 147.86403 69.132435 
1459947806327624 147.38401 69.129298 
1459947806343102 145.27178 69.117536 
1459947806358115 145.23764 69.110087 
1459947806374640 147.3201 69.11939 
1459947806389720 144.68832 69.138621 
