1459947780015934 145.27968 69.096498 
1459947780030633 142.08881 69.129743 
1459947780045498 146.35786 69.135921 
1459947780059552 141.99758 69.128721 
1459947780075635 148.34877 69.127147 
1459947780090737 148.36257 69.129191 
1459947780105702 146.68232 69.124489 
1459947780119670 141.71477 69.124928 
1459947780134446 143.54721 69.14396 
1459947780149843 147.26214 69.140454 
1459947780165520 148.64401 69.129025 
1459947780181077 144.85074 69.130016 
1459947780197097 146.49105 69.127922 
1459947780212402 144.32267 69.117323 
1459947780228474 146.40159 69.130004 
1459947780245300 149.11707 69.129749 
1459947780261691 147.19854 69.116879 
1459947780278033 148.31445 69.133148 
1459947780294170 147.331 69.132936 
1459947780309360 144.93355 69.125189 
1459947780324452 144.55979 69.131491 
1459947780339558 143.11883 69.117976 
1459947780355031 146.13004 69.13545 
1459947780370219 145.00476 69.126187 
1459947780385995 146.09656 69.139022 
1459947780401471 147.32619 69.12726 
1459947780414721 136.11592 69.118953 
1459947780430104 147.3228 69.127521 
1459947780445201 145.62894 69.122448 
1459947780459465 141.95415 69.126986 
1459947780473753 144.1258 69.105153 
1459947780488722 146.49433 69.121237 
1459947780501558 130.35897 69.125103 
1459947780515770 141.30672 69.118089 
1459947780529293 137.84461 69.125563 
1459947780544443 145.94821 69.11733 
1459947780559158 145.90855 69.128224 
1459947780574357 145.63937 69.114962 
1459947780589370 146.36199 69.12692 
1459947780604376 144.14273 69.120312 
1459947780619031 145.37516 69.117158 
1459947780632856 142.40986 69.11679 
1459947780647455 144.56144 69.102525 
1459947780660618 137.01886 69.118046 
1459947780674893 143.826 69.125436 
1459947780690619 148.52431 69.125501 
1459947780706245 147.11985 69.127686 
1459947780720445 142.86106 69.115449 
1459947780735791 144.84258 69.13565 
1459947780751645 147.94771 69.124027 
1459947780766792 145.66572 69.135003 
1459947780781978 146.17518 69.127674 
1459947780797815 147.01036 69.129127 
1459947780813302 144.55362 69.132454 
1459947780829147 145.84309 69.114579 
1459947780844951 148.83806 69.130596 
1459947780858310 138.2368 69.129386 
1459947780873922 146.33034 69.100521 
1459947780887578 133.89061 69.12976 
1459947780902068 145.60136 69.12237 
1459947780917553 149.41809 69.125465 
1459947780932677 144.01073 69.128011 
1459947780948162 146.90104 69.117831 
1459947780963430 145.36406 69.135873 
1459947780979057 148.11454 69.124521 
1459947780995702 148.59333 69.113598 
1459947781010591 147.12947 69.125383 
1459947781025705 147.65875 69.112279 
1459947781040866 145.56406 69.126581 
1459947781056527 147.77882 69.124235 
1459947781072626 150.36965 69.115351 
1459947781087557 148.55124 69.108476 
1459947781103360 146.87876 69.129404 
1459947781117673 140.00263 69.124122 
1459947781132939 144.14847 69.130409 
1459947781148175 147.16141 69.13321 
1459947781163154 144.5834 69.114012 
1459947781177978 144.87741 69.118876 
1459947781192698 145.43374 69.121258 
1459947781206591 139.90707 69.11752 
1459947781222850 147.16753 69.134588 
1459947781238092 145.91152 69.136069 
1459947781254035 148.08702 69.128053 
1459947781268415 143.13597 69.110936 
1459947781284723 147.68552 69.123792 
1459947781301626 150.27802 69.123123 
1459947781316282 146.18161 69.103081 
1459947781332147 147.96731 69.131866 
1459947781348431 149.4374 69.115332 
1459947781364772 147.81158 69.130954 
1459947781378181 137.28845 69.139958 
1459947781393581 146.27697 69.128395 
1459947781409584 148.04975 69.133212 
1459947781424324 146.74733 69.106202 
1459947781439544 146.89401 69.102177 
1459947781454896 143.90315 69.114294 
1459947781470619 148.7288 69.137051 
1459947781486677 148.52697 69.137612 
1459947781503287 150.91075 69.120282 
1459947781518750 148.139 69.123477 
1459947781534033 145.85971 69.119779 
1459947781548996 142.35913 69.112255 
1459947781564111 146.10531 69.131883 
1459947781578788 142.91061 69.131289 
1459947781593585 144.8854 69.130865 
1459947781609537 148.59821 69.135588 
1459947781623934 139.90746 69.117892 
1459947781639612 148.43486 69.125456 
1459947781654765 145.09989 69.102213 
1459947781668933 144.60582 69.120584 
1459947781683743 144.00322 69.122528 
1459947781698196 144.63519 69.134714 
1459947781712624 148.87832 69.112464 
1459947781728334 147.25576 69.112555 
1459947781742824 144.84314 69.119916 
1459947781757856 147.63707 69.126703 
1459947781772891 141.90792 69.134562 
1459947781788005 146.30445 69.123473 
1459947781836399 144.16853 69.13024 
1459947781852131 145.52628 69.115043 
1459947781868528 148.61572 69.131087 
1459947781882723 141.20077 69.138327 
1459947781898412 149.01073 69.122129 
1459947781914210 145.09233 69.117179 
1459947781930048 149.27304 69.121321 
1459947781944191 141.86541 69.120856 
1459947781958774 139.14349 69.118819 
1459947781973072 146.44278 69.128108 
1459947781987900 139.9163 69.132192 
1459947782002896 146.23847 69.1332 
1459947782017950 144.58053 69.131822 
1459947782032912 144.93352 69.115042 
1459947782048151 142.92888 69.096332 
1459947782063258 145.25322 69.106668 
1459947782078596 145.66486 69.120761 
1459947782093256 146.90073 69.096586 
1459947782108176 144.49948 69.119073 
1459947782122776 147.02898 69.12888 
1459947782136461 139.04811 69.130151 
1459947782152012 145.53211 69.116695 
1459947782167712 147.71688 69.130895 
1459947782182842 142.42444 69.134984 
1459947782198129 144.66326 69.109506 
1459947782211722 139.67562 69.127475 
1459947782228347 148.43454 69.113287 
1459947782244683 147.55214 69.128525 
1459947782261116 146.78416 69.125417 
1459947782276195 145.8388 69.134536 
1459947782292212 147.69998 69.130455 
1459947782307125 144.26884 69.131062 
1459947782321411 146.99962 69.106952 
1459947782336668 144.09388 69.124965 
1459947782353214 149.77028 69.125105 
1459947782367728 144.08571 69.128956 
1459947782382561 144.04089 69.126898 
1459947782397116 142.50355 69.121583 
1459947782412113 144.65217 69.124235 
1459947782426883 147.6075 69.124544 
1459947782442520 144.44225 69.130796 
1459947782458278 144.9267 69.130022 
1459947782474444 148.02165 69.128935 
1459947782489611 143.78976 69.132723 
1459947782505158 147.66268 69.133833 
1459947782519786 142.45863 69.129759 
1459947782535006 144.76327 69.111186 
1459947782550153 146.01256 69.123074 
1459947782564905 145.01273 69.11857 
1459947782580435 144.57961 69.115631 
1459947782594183 142.81254 69.126518 
1459947782607506 139.50539 69.140591 
1459947782621741 144.05657 69.121473 
1459947782636970 146.06713 69.129301 
1459947782650131 136.62393 69.130061 
1459947782665308 145.73471 69.131355 
1459947782679808 146.43136 69.114342 
1459947782693639 141.54961 69.131675 
1459947782707130 138.22331 69.115695 
1459947782723304 146.34884 69.103765 
1459947782739638 146.58196 69.117976 
1459947782755653 147.09518 69.121332 
1459947782769676 141.95415 69.119687 
1459947782784910 148.90822 69.115381 
1459947782799584 143.73266 69.136822 
1459947782813495 140.57906 69.126828 
1459947782828559 145.10289 69.126312 
1459947782843028 146.54695 69.118374 
1459947782856893 143.7258 69.138915 
1459947782871240 145.98116 69.119825 
1459947782885634 143.03316 69.11203 
1459947782900896 146.40632 69.12144 
1459947782916046 147.3426 69.130596 
1459947782930548 141.56293 69.125829 
1459947782944999 146.58943 69.129177 
1459947782960676 145.43617 69.111209 
1459947782975863 144.84847 69.11664 
1459947782991876 145.99439 69.129398 
1459947783008273 149.68577 69.115689 
1459947783023460 145.71787 69.129401 
1459947783038770 147.09192 69.122842 
1459947783054880 149.47731 69.112538 
1459947783069872 144.72225 69.111593 
1459947783085428 146.55019 69.124094 
1459947783100522 145.98704 69.122803 
1459947783114239 145.53767 69.119933 
1459947783128547 140.1968 69.126403 
1459947783143897 144.35754 69.115661 
1459947783158241 140.59861 69.12054 
1459947783173533 144.65119 69.132098 
1459947783187870 142.76698 69.107774 
1459947783201557 144.66374 69.126759 
1459947783216278 145.93314 69.127481 
1459947783231013 147.50294 69.107475 
1459947783244182 136.5653 69.109607 
1459947783259067 143.33801 69.125451 
1459947783275066 148.50269 69.125038 
1459947783290455 144.80934 69.128976 
1459947783306290 150.05065 69.120229 
1459947783319458 140.96421 69.12368 
1459947783335075 147.24127 69.130244 
1459947783350533 147.82419 69.133054 
1459947783364727 142.20922 69.123841 
1459947783378647 139.1719 69.128573 
1459947783393058 141.41414 69.123933 
1459947783408648 146.03745 69.121088 
1459947783423768 142.34365 69.11961 
1459947783437736 142.74039 69.128771 
1459947783452393 145.68999 69.129618 
1459947783466843 142.96508 69.13135 
1459947783483524 148.58343 69.129604 
1459947783502269 163.49174 69.131375 
1459947783520790 161.87381 69.117868 
1459947783537531 154.71192 69.134057 
1459947783553931 153.71042 69.125991 
1459947783571080 158.46633 69.132469 
1459947783588434 160.5502 69.112276 
1459947783605174 152.96955 69.117433 
1459947783621607 156.63856 69.133082 
1459947783639177 160.78206 69.130265 
1459947783655181 157.38378 69.117941 
1459947783672463 158.87774 69.128515 
1459947783690281 159.69098 69.137415 
1459947783707970 159.96949 69.124281 
1459947783721812 143.74382 69.125242 
1459947783730115 144.25012 69.095245
1459947783746176 149.8969 69.121698 
1459947783763002 157.92918 69.13597 
1459947783779557 155.85417 69.124862 
1459947783794690 152.49579 69.129058 
1459947783810569 150.70874 69.13467 
1459947783827663 155.1224 69.117435 
1459947783842859 151.59769 69.12741 
1459947783857602 150.58011 69.110307 
1459947783874277 152.80339 69.126795 
1459947783890588 154.98103 69.12458 
1459947783907862 157.72138 69.108683 
1459947783923932 153.98533 69.133522 
1459947783940964 155.47132 69.127825 
1459947783957869 155.36703 69.134962 
1459947783973043 152.42762 69.115305 
1459947783989659 158.43656 69.133674 
1459947784006190 157.14343 69.132447 
1459947784022833 158.67023 69.131337 
1459947784038659 155.81478 69.118801 
1459947784057225 163.13912 69.12819 
1459947784074904 162.93683 69.113845 
1459947784091844 156.25327 69.10038 
1459947784108411 157.56309 69.113577 
1459947784125702 160.34998 69.130256 
1459947784143068 161.70547 69.124333 
1459947784159989 157.33849 69.124371 
1459947784177922 159.67308 69.134104 
1459947784196127 162.09361 69.137922 
1459947784213501 159.06397 69.118125 
1459947784230933 154.76265 69.131499 
1459947784246245 150.10145 69.115884 
1459947784262958 151.98165 69.118504 
1459947784279660 152.87765 69.130703 
1459947784293471 139.5542 69.128207 
1459947784309498 152.63778 69.123248 
1459947784324523 146.72096 69.122869 
1459947784340766 153.08536 69.127469 
1459947784354547 139.84241 69.111695 
1459947784368267 143.67813 69.12405 
1459947784383426 144.73409 69.123851 
1459947784398480 144.73401 69.115763 
1459947784411463 137.91758 69.125019 
1459947784425904 142.42721 69.115366 
1459947784441002 143.54831 69.13774 
1459947784456260 144.16375 69.124062 
1459947784472185 145.77971 69.133313 
1459947784486772 143.78606 69.117074 
1459947784502119 145.48567 69.119763 
1459947784517398 143.55576 69.11387 
1459947784532124 148.77177 69.137794 
1459947784548118 144.48509 69.136243 
1459947784562746 143.08118 69.131832 
1459947784577141 145.10082 69.107383 
1459947784591745 145.17659 69.137218 
1459947784606831 146.18387 69.120787 
1459947784621373 142.58683 69.130973 
1459947784636092 144.76599 69.117905 
1459947784651241 145.24206 69.117711 
1459947784665974 145.60523 69.131781 
1459947784680564 142.33131 69.105816 
1459947784695807 143.52304 69.129671 
1459947784710382 143.8466 69.10805 
1459947784724440 139.51863 69.124665 
1459947784740689 149.20825 69.130834 
1459947784756353 143.89457 69.129994 
1459947784772175 147.27475 69.12197 
1459947784785874 141.60676 69.133528 
1459947784800711 143.79579 69.123661 
1459947784815968 143.75734 69.115799 
1459947784830099 139.71839 69.138749 
1459947784844046 137.10332 69.13784 
1459947784859225 144.71405 69.126363 
1459947784873369 143.00711 69.133639 
1459947784889172 146.27293 69.125616 
1459947784903954 141.09807 69.121173 
1459947784919133 148.22851 69.139843 
1459947784933621 139.46846 69.129563 
1459947784949139 146.88413 69.102089 
1459947784962825 138.00248 69.110375 
1459947784978229 145.48224 69.12892 
1459947784993641 148.36934 69.107844 
1459947785008214 143.43835 69.129427 
1459947785021961 138.12421 69.13295 
1459947785033451 125.69822 69.116551 
1459947785048686 143.76688 69.129233 
1459947785064501 149.23157 69.126898 
1459947785078449 138.26 69.118689 
1459947785093204 144.53438 69.126535 
1459947785107925 144.40359 69.113654 
1459947785122237 142.69345 69.129663 
1459947785138307 150.13112 69.111651 
1459947785153043 143.13043 69.123551 
1459947785168409 146.22402 69.123508 
1459947785184092 145.13879 69.134489 
1459947785199008 143.8138 69.129267 
1459947785214818 147.38119 69.116015 
1459947785228951 142.70197 69.122262 
1459947785246255 150.68186 69.116623 
1459947785261484 147.03204 69.127214 
1459947785278351 149.91502 69.112643 
1459947785293278 144.47516 69.123519 
1459947785306461 139.43553 69.120533 
1459947785322302 148.66724 69.129691 
1459947785338085 148.0034 69.122646 
1459947785353903 151.30514 69.133435 
1459947785369687 141.47721 69.137472 
1459947785385721 148.61391 69.133919 
1459947785401034 142.68321 69.133781 
1459947785415286 143.57364 69.119772 
1459947785430393 148.11299 69.134747 
1459947785445191 144.36569 69.128231 
1459947785460777 148.51572 69.123929 
1459947785475590 145.17062 69.138255 
1459947785489279 133.31253 69.126658 
1459947785504620 145.53672 69.123278 
1459947785520142 144.72373 69.123287 
1459947785535260 146.64314 69.106352 
1459947785549935 142.58075 69.117566 
1459947785566205 149.45212 69.122801 
1459947785581267 144.05335 69.118933 
1459947785595693 140.36912 69.118976 
1459947785609250 138.66186 69.126014 
1459947785624566 144.5801 69.126072 
1459947785639756 149.19528 69.123523 
1459947785655536 145.42482 69.129526 
1459947785671919 147.87973 69.109946 
1459947785686544 143.33735 69.115179 
1459947785701966 145.35915 69.118405 
1459947785718601 149.73831 69.114974 
1459947785734017 143.12585 69.12928 
1459947785749862 145.32138 69.124388 
1459947785766159 147.26089 69.113647 
1459947785782587 147.7596 69.137797 
1459947785797694 144.10979 69.13947 
1459947785812197 141.52135 69.139042 
1459947785827005 142.83081 69.132209 
1459947785842575 144.42435 69.12874 
1459947785857708 144.95832 69.135759 
1459947785872930 144.17892 69.129918 
1459947785887960 145.87217 69.121902 
1459947785903278 144.82204 69.130372 
1459947785917755 144.13056 69.119118 
1459947785932347 144.70509 69.120874 
1459947785947853 147.94323 69.129689 
1459947785963510 146.22063 69.137195 
1459947785978301 143.32504 69.11807 
1459947785993878 148.60512 69.130585 
1459947786010511 147.21181 69.127365 
1459947786026782 148.47636 69.118778 
1459947786042480 146.61474 69.133768 
1459947786059512 149.3531 69.125869 
1459947786075296 146.34833 69.108339 
1459947786092103 148.0533 69.117522 
1459947786107895 145.44721 69.127333 
1459947786124349 148.19279 69.126117 
1459947786138569 141.99977 69.13357 
1459947786153153 144.54084 69.129466 
1459947786167313 143.12657 69.136058 
1459947786180526 133.3161 69.120484 
1459947786194859 140.19936 69.106467 
1459947786209115 142.83135 69.12382 
1459947786223167 145.23749 69.122243 
1459947786238250 143.25406 69.125679 
1459947786253634 146.28954 69.135277 
1459947786269450 145.98629 69.132185 
1459947786285355 148.06225 69.119023 
1459947786299697 143.29937 69.119752 
1459947786313989 143.55267 69.121957 
1459947786329161 146.71298 69.120869 
1459947786342714 140.64666 69.13378 
1459947786357610 145.21886 69.132505 
1459947786370257 134.77491 69.119052 
1459947786384836 143.59334 69.119045 
1459947786401023 147.46798 69.111852 
1459947786414825 142.3882 69.127472 
1459947786428919 141.92056 69.122739 
1459947786442440 137.20359 69.131344 
1459947786456988 142.96911 69.126469 
1459947786471075 142.82929 69.119682 
1459947786485884 142.36889 69.12786 
1459947786500212 144.93798 69.095618 
1459947786515919 147.76326 69.112459 
1459947786531749 145.7955 69.127493 
1459947786547160 147.34157 69.116084 
1459947786562997 146.98739 69.124168 
1459947786578974 147.04047 69.132148 
1459947786593823 145.47648 69.122648 
1459947786609093 145.65183 69.13839 
1459947786624605 145.06027 69.120596 
1459947786639828 144.6715 69.131155 
1459947786656098 146.78436 69.124634 
1459947786671966 143.7435 69.135444 
1459947786686749 146.63191 69.13143 
1459947786702806 147.66137 69.111659 
1459947786718694 146.52835 69.125615 
1459947786734607 147.67362 69.139653 
1459947786750469 147.86409 69.133327 
1459947786765763 146.21746 69.108486 
1459947786781200 148.51328 69.12261 
1459947786797968 148.34051 69.12038 
1459947786813498 146.07876 69.122698 
1459947786827431 140.74726 69.114407 
1459947786842042 143.18689 69.10816 
1459947786857514 145.10447 69.11507 
1459947786873026 146.82066 69.111932 
1459947786886483 139.95224 69.123534 
1459947786901553 147.08036 69.123989 
1459947786916931 145.2045 69.107938 
1459947786931949 145.43369 69.105805 
1459947786946768 146.47269 69.12936 
1459947786962342 145.40962 69.12545 
1459947786977204 144.46374 69.126439 
1459947786991790 143.05645 69.133406 
1459947787007396 143.74761 69.131317 
1459947787022437 143.50773 69.137651 
1459947787038111 145.78995 69.108812 
1459947787054431 148.12036 69.125132 
1459947787069986 145.30754 69.119214 
1459947787084909 144.15753 69.120309 
1459947787099611 144.39306 69.125712 
1459947787114513 143.64763 69.126979 
1459947787128614 145.26431 69.139871 
1459947787141534 140.85189 69.139919 
1459947787156815 143.46292 69.116056 
1459947787172908 147.50602 69.114362 
1459947787186799 142.28942 69.124396 
1459947787201244 144.76471 69.123852 
1459947787216642 147.29123 69.12937 
1459947787231267 145.46619 69.127761 
1459947787247924 150.59484 69.124096 
1459947787263948 146.93482 69.105831 
1459947787279948 146.81525 69.118526 
1459947787295136 144.17533 69.095607 
1459947787310507 144.65019 69.123114 
1459947787326382 147.24776 69.112127 
1459947787341912 144.81885 69.126513 
1459947787357980 147.87397 69.1164 
1459947787372459 140.68256 69.128572 
1459947787387427 141.00706 69.1305 
1459947787402338 144.64642 69.123129 
1459947787416803 138.54729 69.131177 
1459947787431919 143.8829 69.118574