1459947787449084 146.23304 69.123404 
1459947787465780 149.39454 69.1118 
1459947787481587 144.39716 69.119586 
1459947787497312 146.89223 69.131284 
1459947787513750 149.81762 69.12036 
1459947787530726 147.58549 69.112257 
1459947787546153 146.55731 69.108646 
1459947787561545 147.48414 69.13634 
1459947787578042 149.46431 69.128986 
1459947787592982 142.03425 69.125868 
1459947787607601 146.48997 69.128524 
1459947787623036 145.25102 69.13374 
1459947787638247 145.56548 69.117079 
1459947787653775 146.50631 69.122065 
1459947787669913 146.5467 69.127296 
1459947787684594 143.16759 69.130839 
1459947787700290 146.4797 69.119032 
1459947787714807 143.01772 69.122032 
1459947787731319 148.07968 69.138605 
1459947787746370 143.87284 69.124537 
1459947787762028 145.01663 69.133166 
1459947787779000 149.10081 69.130877 
1459947787792921 139.90467 69.111064 
1459947787808420 145.70344 69.115693 
1459947787822671 144.48118 69.125079 
1459947787838060 145.68266 69.120032 
1459947787852660 144.58399 69.122101 
1459947787867139 141.49251 69.129875 
1459947787882685 149.86978 69.129504 
1459947787897964 144.47528 69.108502 
1459947787912087 139.38065 69.118518 
1459947787926199 139.17698 69.129756 
1459947787940857 142.918 69.10691 
1459947787956138 144.28117 69.107837 
1459947787968753 134.13818 69.132675 
1459947787983683 150.09013 69.126973 
1459947787999161 145.559 69.121198 
1459947788014065 143.53208 69.098519 
1459947788030145 149.01327 69.128466 
1459947788045246 145.64696 69.1235 
1459947788061718 150.86262 69.125214 
1459947788077852 143.47083 69.117455 
1459947788093589 147.39779 69.123275 
1459947788108957 145.39202 69.120679 
1459947788124562 147.48622 69.129442 
1459947788141600 147.77441 69.138316 
1459947788155189 138.44371 69.121322 
1459947788169040 143.19946 69.129353 
1459947788183505 140.62485 69.110425 
1459947788197839 138.19393 69.134348 
1459947788212701 143.33811 69.125519 
1459947788228365 146.16177 69.124094 
1459947788242899 146.29502 69.114251 
1459947788257020 140.80824 69.123962 
1459947788272713 148.48252 69.116385 
1459947788286852 145.2254 69.121523 
1459947788302725 148.8826 69.101395 
1459947788317894 144.77898 69.127548 
1459947788332279 143.14703 69.126419 
1459947788348762 149.00611 69.129977 
1459947788362410 138.34014 69.089064 
1459947788377379 149.80515 69.120504 
1459947788392508 145.07493 69.129324 
1459947788406461 139.70092 69.133553 
1459947788421340 146.51175 69.125549 
1459947788436998 142.87046 69.126198 
1459947788452689 148.57531 69.112723 
1459947788467743 144.75251 69.121334 
1459947788481817 138.53487 69.13178 
1459947788496842 142.37164 69.127886 
1459947788511886 143.44334 69.127237 
1459947788528246 148.30652 69.134482 
1459947788544334 147.1964 69.127281 
1459947788557815 141.962 69.122436 
1459947788573502 148.34049 69.117512 
1459947788589474 147.1158 69.125826 
1459947788603776 145.01619 69.125358 
1459947788618330 141.38769 69.132391 
1459947788632385 142.89426 69.116435 
1459947788647964 147.10049 69.122157 
1459947788663000 144.12399 69.137172 
1459947788678791 149.45834 69.1287 
1459947788693767 144.29673 69.119389 
1459947788706976 138.27757 69.129814 
1459947788720986 140.99248 69.116146 
1459947788737121 146.95978 69.127004 
1459947788753018 147.8646 69.112607 
1459947788768504 145.4909 69.136133 
1459947788784507 146.87929 69.130655 
1459947788799511 146.3556 69.117749 
1459947788814103 141.24454 69.136297 
1459947788827166 139.21201 69.133216 
1459947788840683 140.45047 69.139401 
1459947788856705 147.76362 69.130425 
1459947788872125 145.9779 69.127723 
1459947788887717 144.72215 69.120966 
1459947788902355 147.09995 69.111878 
1459947788917806 145.19659 69.123463 
1459947788932467 146.07311 69.131007 
1459947788947679 143.43015 69.129065 
1459947788963134 145.66542 69.13226 
1459947788979342 148.18269 69.129199 
1459947788994485 144.93165 69.123992 
1459947789009999 148.67791 69.128266 
1459947789023571 142.13532 69.123939 
1459947789038087 142.92595 69.119431 
1459947789053459 148.28607 69.124525 
1459947789069300 148.20955 69.128269 
1459947789083823 146.95746 69.135785 
1459947789098931 144.58522 69.132941 
1459947789112967 142.49802 69.128528 
1459947789127400 142.64474 69.116716 
1459947789141644 143.08803 69.122987 
1459947789155407 143.82467 69.130384 
1459947789169452 142.90052 69.12364 
1459947789183546 145.12011 69.124449 
1459947789198689 147.21664 69.127965 
1459947789214513 147.52682 69.136086 
1459947789229792 147.25369 69.128815 
1459947789244224 142.40403 69.121616 
1459947789259296 148.2906 69.131919 
1459947789275206 148.60645 69.134291 
1459947789290415 148.32084 69.123879 
1459947789304907 143.84618 69.126542 
1459947789319169 139.71713 69.122218 
1459947789334710 146.32526 69.129348 
1459947789350198 145.94595 69.126022 
1459947789366237 148.57733 69.126924 
1459947789382108 145.92639 69.116354 
1459947789396707 145.2475 69.114848 
1459947789411750 146.4156 69.129572 
1459947789426001 145.88103 69.124675 
1459947789441259 149.05762 69.132877 
1459947789455131 140.47051 69.13512 
1459947789469355 145.15542 69.115208 
1459947789484831 148.70286 69.124454 
1459947789499240 140.98518 69.130591 
1459947789513114 143.87549 69.130399 
1459947789527281 139.09219 69.123495 
1459947789541685 146.23758 69.11919 
1459947789556143 142.74981 69.139835 
1459947789571862 147.40784 69.131002 
1459947789586450 142.72049 69.120676 
1459947789602354 148.06313 69.140636 
1459947789616347 141.97041 69.121094 
1459947789630796 146.08246 69.123143 
1459947789645607 145.81466 69.119849 
1459947789660167 146.05341 69.114221 
1459947789673967 144.96725 69.123677 
1459947789688383 146.22338 69.11957 
1459947789701885 142.49401 69.131098 
1459947789714236 134.77207 69.119434 
1459947789727305 134.68088 69.119005 
1459947789738189 129.62958 69.118693 
1459947789753229 146.17807 69.128937 
1459947789769240 148.12009 69.137535 
1459947789784756 146.32995 69.123363 
1459947789799463 143.74971 69.119746 
1459947789815265 145.45814 69.122913 
1459947789829859 144.02775 69.120891 
1459947789845088 147.25616 69.128852 
1459947789860157 147.70213 69.127771 
1459947789875996 149.03693 69.135058 
1459947789890889 143.62194 69.117662 
1459947789905877 145.57347 69.131192 
1459947789921263 148.03106 69.118418 
1459947789935999 142.56836 69.116367 
1459947789950751 145.88449 69.128849 
1459947789965115 143.88772 69.128517 
1459947789980536 146.81718 69.136477 
1459947789996090 149.86785 69.130068 
1459947790010465 144.03829 69.130283 
1459947790025985 149.48661 69.109198 
1459947790041129 146.34963 69.093629 
1459947790055406 144.36706 69.1266 
1459947790070235 148.0455 69.118324 
1459947790084483 143.39381 69.118646 
1459947790098917 145.23973 69.115694 
1459947790113739 146.05975 69.122673 
1459947790128272 146.23211 69.128514 
1459947790143328 145.30699 69.113404 
1459947790157395 143.23319 69.112224 
1459947790171237 141.00056 69.117991 
1459947790184927 142.6503 69.128892 
1459947790199258 143.69618 69.12402 
1459947790214819 145.09578 69.130717 
1459947790230407 147.53123 69.134048 
1459947790245466 146.41675 69.126479 
1459947790260150 146.19226 69.13083 
1459947790275037 147.46051 69.118812 
1459947790289812 146.98839 69.126838 
1459947790304859 146.08014 69.140817 
1459947790320143 146.20153 69.122968 
1459947790335683 146.54488 69.120484 
1459947790351460 146.6276 69.126847 
1459947790366157 143.76128 69.13889 
1459947790381035 146.67457 69.121479 
1459947790395915 146.49733 69.131919 
1459947790410992 147.23192 69.116458 
1459947790425276 144.19933 69.113566 
1459947790440257 145.53353 69.129325 
1459947790455030 144.33821 69.127506 
1459947790469493 143.56424 69.134166 
1459947790485719 146.72196 69.1333 
1459947790501408 145.64988 69.117418 
1459947790516404 145.22705 69.129778 
1459947790530340 143.75289 69.126638 
1459947790545016 142.04317 69.121399 
1459947790560278 146.58189 69.133114 
1459947790573836 140.977 69.118325 
1459947790589299 146.37049 69.129775 
1459947790604095 145.44545 69.110007 
1459947790619044 144.83011 69.122796 
1459947790633948 141.94152 69.113303 
1459947790649280 147.02153 69.118264 
1459947790663747 146.58529 69.13358 
1459947790678312 147.207 69.140296 
1459947790692911 142.06547 69.120153 
1459947790706986 146.34788 69.119708 
1459947790721668 146.88605 69.105787 
1459947790738007 148.37805 69.11733 
1459947790753798 144.35954 69.119722 
1459947790769778 145.81557 69.119613 
1459947790785663 148.76905 69.114154 
1459947790800826 148.26314 69.134172 
1459947790816620 148.7487 69.130952 
1459947790832391 148.00245 69.116643 
1459947790848088 148.67455 69.108895 
1459947790862893 145.94362 69.128097 
1459947790877648 146.12037 69.132436 
1459947790892021 142.34005 69.131194 
1459947790906771 146.95951 69.130281 
1459947790921525 145.21985 69.121144 
1459947790936911 146.08233 69.127578 
1459947790952420 146.45363 69.132944 
1459947790967994 146.83085 69.136141 
1459947790983536 147.43738 69.12395 
1459947790998454 144.67572 69.127518 
1459947791014868 147.98639 69.121083 
1459947791029450 145.09993 69.118991 
1459947791044344 145.99442 69.130627 
1459947791057952 140.03944 69.109254 
1459947791066927 137.41544 69.109769 
1459947791082658 146.46985 69.111051 
1459947791097380 147.38209 69.128326 
1459947791111444 140.50676 69.132928 
1459947791126162 144.75851 69.132192 
1459947791140877 145.37154 69.127421 
1459947791154556 140.4654 69.125326 
1459947791168772 140.68936 69.112755 
1459947791183443 146.73732 69.115735 
1459947791197620 145.74728 69.111731 
1459947791213401 147.14893 69.13433 
1459947791227838 144.83217 69.12249 
1459947791241928 143.74827 69.13568 
1459947791258178 147.45459 69.112568 
1459947791273984 150.41743 69.106818 
1459947791288819 144.97728 69.12948 
1459947791303428 147.14065 69.116728 
1459947791318444 148.43716 69.117079 
1459947791333591 144.31667 69.130791 
1459947791348099 145.70181 69.128635 
1459947791362858 144.7742 69.126552 
1459947791378077 147.64141 69.13295 
1459947791391981 137.92883 69.136391 
1459947791407358 145.75705 69.123199 
1459947791421295 141.54447 69.108487 
1459947791435588 139.90936 69.1216 
1459947791450969 146.00897 69.134213 
1459947791466160 141.96143 69.115728 
1459947791480596 143.21855 69.123858 
1459947791494972 142.92963 69.127258 
1459947791510203 144.88713 69.102567 
1459947791525484 147.06171 69.138434 
1459947791540069 141.00634 69.131268 
1459947791555360 146.58198 69.131969 
1459947791569983 145.68416 69.133985 
1459947791584608 145.11052 69.131403 
1459947791600350 146.9407 69.112549 
1459947791615631 142.8764 69.131954 
1459947791630926 146.16792 69.112993 
1459947791645945 146.02255 69.107787 
1459947791660996 146.50038 69.14179 
1459947791675515 145.89785 69.132408 
1459947791689442 140.24474 69.125271 
1459947791702758 143.15896 69.124797 
1459947791718460 150.52117 69.128941 
1459947791733919 148.20846 69.13903 
1459947791747633 142.96841 69.120304 
1459947791763506 149.82465 69.142725 
1459947791779417 146.49354 69.119815 
1459947791794503 146.41014 69.117925 
1459947791809634 145.99254 69.126303 
1459947791823451 143.18991 69.133155 
1459947791838550 147.78161 69.119263 
1459947791854168 147.05792 69.111033 
1459947791869281 143.86545 69.124632 
1459947791883534 143.30869 69.132481 
1459947791898522 146.84992 69.125255 
1459947791913826 148.42089 69.125013 
1459947791928980 146.45873 69.120683 
1459947791943697 141.96043 69.126898 
1459947791958741 146.1291 69.121735 
1459947791973826 149.56358 69.122791 
1459947791989028 146.42534 69.124613 
1459947792000838 135.26735 69.138215 
1459947792016762 149.02145 69.127811 
1459947792031736 145.79354 69.115596 
1459947792047147 148.67808 69.134025 
1459947792060917 145.09322 69.123192 
1459947792076424 147.7511 69.126477 
1459947792091674 148.79587 69.122222 
1459947792107379 148.53995 69.131287 
1459947792122435 145.80546 69.118638 
1459947792138220 145.5597 69.124155 
1459947792152708 145.32336 69.112741 
1459947792168300 145.26123 69.130286 
1459947792183773 145.18905 69.123449 
1459947792197385 141.5531 69.121542 
1459947792211589 140.13688 69.1117 
1459947792226514 145.86472 69.132817 
1459947792241577 146.42829 69.120455 
1459947792256969 145.73905 69.129902 
1459947792271787 143.96073 69.130366 
1459947792288415 150.20285 69.122024 
1459947792303063 145.71054 69.121779 
1459947792318742 146.94947 69.134637 
1459947792333694 147.42392 69.126012 
1459947792347884 142.56578 69.134398 
1459947792363889 147.21104 69.125419 
1459947792377981 144.09676 69.141147 
1459947792392741 144.64966 69.118503 
1459947792406389 142.24129 69.10798 
1459947792421114 142.77598 69.138401 
1459947792436886 147.97008 69.123982 
1459947792452176 146.44591 69.128183 
1459947792465283 139.1457 69.121123 
1459947792480368 144.60185 69.12328 
1459947792495713 148.75686 69.122147 
1459947792510052 143.98444 69.145418 
1459947792523798 143.09487 69.128832 
1459947792538648 145.54746 69.1192 
1459947792554348 149.16593 69.12285 
1459947792568256 141.26426 69.125199 
1459947792582288 142.69835 69.126711 
1459947792596013 139.84614 69.138656 
1459947792610110 140.76355 69.123511 
1459947792624624 145.42012 69.121079 
1459947792639410 144.41902 69.128174 
1459947792654134 142.40511 69.130405 
1459947792668866 143.54471 69.125875 
1459947792684224 146.54465 69.129852 
1459947792699937 148.06921 69.123623 
1459947792714733 143.58864 69.127341 
1459947792730512 147.25054 69.138643 
1459947792745017 142.03616 69.121879 
1459947792760836 144.90751 69.128823 
1459947792776882 147.76082 69.12415 
1459947792792831 147.8126 69.123127 
1459947792808147 144.69177 69.11148 
1459947792823098 146.92632 69.124285 
1459947792838574 146.6016 69.113896 
1459947792854975 147.99621 69.114604 
1459947792870371 146.87811 69.133359 
1459947792886263 146.2249 69.131954 
1459947792901631 144.96098 69.139265 
1459947792917022 145.66879 69.119747 
1459947792932628 142.3966 69.130423 
1459947792948905 147.20372 69.112151 
1459947792963274 141.14555 69.124431 
1459947792977425 138.34239 69.12859 
1459947792992445 142.50396 69.126292 
1459947793009017 147.73931 69.129892 
1459947793024213 142.55613 69.133946 
1459947793039278 144.66544 69.115392 
1459947793054910 146.14221 69.124391 
1459947793071512 147.21166 69.11123 
1459947793087590 148.12102 69.128107 
1459947793103245 145.60802 69.123106 
1459947793117793 144.23832 69.140321 
1459947793132533 144.3706 69.126718 
1459947793147792 148.43291 69.119673 
1459947793162578 144.40488 69.111504 
1459947793177929 145.53066 69.125235 
1459947793193874 148.73862 69.112975 
1459947793209602 147.64377 69.120922 
1459947793224925 145.16065 69.126701 
1459947793241328 145.25845 69.126913 
1459947793257916 147.63061 69.109283 
1459947793273234 146.88167 69.115161 
1459947793288659 147.61945 69.136525 
1459947793304412 147.71487 69.130916 
1459947793319980 148.51514 69.105847 
1459947793334519 142.63815 69.11788 
1459947793349005 144.83603 69.104711 
1459947793363968 144.86386 69.127814 
1459947793377987 142.93953 69.119153 
1459947793393042 142.66361 69.129589 
1459947793408120 145.95838 69.116649 
1459947793421719 135.59852 69.120497 
1459947793436886 143.94447 69.113 
1459947793449551 135.84292 69.108953 
1459947793464313 146.25243 69.130777 
1459947793478275 139.06064 69.128274 
1459947793493447 147.84806 69.123034 
1459947793507452 141.28998 69.110883 
1459947793522387 143.78701 69.12118 
1459947793536514 141.89543 69.133022 
1459947793550515 142.51775 69.13026 
1459947793564308 141.13567 69.12369 
1459947793579395 147.289 69.133605 
1459947793594465 147.14057 69.122995 
1459947793608582 144.77511 69.09696 
1459947793623345 143.97868 69.126846 
1459947793638148 145.60585 69.116401 
1459947793653505 146.2097 69.119996 
1459947793668393 143.88791 69.131634 
1459947793683729 142.55812 69.132084 
1459947793698657 142.99307 69.134505 
1459947793712936 145.6229 69.121293 
1459947793728778 147.32422 69.132559 
1459947793743672 145.88262 69.125917 
1459947793757813 142.12252 69.131834 
1459947793772846 144.60143 69.109155 
1459947793788623 148.52537 69.122675 
1459947793803142 144.24626 69.133251 
1459947793817765 144.34839 69.125084 
1459947793832546 146.09139 69.117495 
1459947793847018 144.3726 69.132157 
1459947793860828 145.59624 69.122608 
1459947793874692 144.25007 69.138792 
1459947793887984 141.79489 69.12315 
1459947793903290 147.53583 69.119894 
1459947793917164 142.86205 69.115933 
1459947793932737 146.09318 69.124381 
1459947793946355 140.56737 69.131905 
1459947793960482 142.87189 69.11416 
1459947793974032 145.13566 69.12163 
1459947793988352 141.96776 69.138039 
1459947794003487 145.13027 69.13241 
1459947794017521 145.77172 69.125685 
1459947794031554 144.46106 69.119352 
1459947794044971 142.10472 69.114816 
1459947794060171 147.6872 69.126167 
1459947794073851 141.78789 69.125755 
1459947794088404 145.97659 69.12709 
1459947794102288 143.42024 69.127699 
1459947794116610 146.72604 69.136815 
1459947794131023 144.16461 69.115146 
1459947794144747 142.88444 69.12544 
1459947794158920 143.78595 69.119252 
1459947794173670 145.61931 69.133459 
1459947794187999 145.11566 69.119951 
1459947794202042 145.28438 69.137249 
1459947794216090 142.84459 69.123945 
1459947794231379 146.52544 69.132081 
1459947794245989 145.40001 69.133122 
1459947794261743 146.59961 69.111662 
1459947794276313 143.7143 69.126796 
1459947794290922 146.01404 69.131144 
1459947794306620 147.45811 69.129417 
1459947794321759 144.86003 69.115807 
1459947794334452 129.97336 69.119082 
1459947794349066 141.39941 69.112379 
1459947794363044 144.91483 69.124036 
1459947794376871 142.91458 69.122442 
1459947794390600 142.16818 69.127308 
1459947794404583 144.72037 69.13263 
1459947794418487 142.84992 69.115952 
1459947794432920 145.1608 69.128322 
1459947794447381 144.58504 69.126632 
1459947794462074 144.3914 69.100423 
1459947794476123 142.98827 69.120196 
1459947794490025 142.39252 69.117993 
1459947794505114 148.47847 69.128079 
1459947794520957 145.9761 69.121255 
1459947794536075 146.57334 69.120804 
1459947794550733 143.73466 69.136811 
1459947794565717 144.06485 69.135097 
1459947794580129 140.29447 69.110241 
1459947794595847 147.51724 69.116428 
1459947794611244 143.78462 69.130168 
1459947794627504 146.50567 69.125773 
1459947794642679 146.15876 69.13548 
1459947794657531 142.1164 69.120473 
1459947794671565 144.26526 69.114618 
