1459947794687600 143.91851 69.128448 
1459947794700987 138.77585 69.127 
1459947794714398 141.41853 69.135692 
1459947794729308 145.73716 69.11671 
1459947794744650 145.44938 69.128603 
1459947794759047 145.391 69.112149 
1459947794772627 138.05899 69.116738 
1459947794788015 145.18282 69.124306 
1459947794802272 142.06998 69.140055 
1459947794817580 146.74781 69.117182 
1459947794832216 141.56513 69.123325 
1459947794847247 145.33738 69.120584 
1459947794861374 144.04965 69.127052 
1459947794876923 143.18953 69.122104 
1459947794893053 145.47434 69.123048 
1459947794907390 144.70024 69.131319 
1459947794921762 143.35814 69.125889 
1459947794937579 147.0936 69.124483 
1459947794953352 146.29003 69.122476 
1459947794968915 144.92182 69.134845 
1459947794983789 142.64327 69.135232 
1459947794998931 145.24318 69.126232 
1459947795014422 144.74877 69.119057 
1459947795028582 140.20078 69.128659 
1459947795042562 139.56883 69.110169 
1459947795057777 145.69952 69.1288 
1459947795072368 142.71266 69.128659 
1459947795088153 145.91858 69.128045 
1459947795103442 143.69299 69.107205 
1459947795118355 144.97737 69.117377 
1459947795134180 146.39433 69.136214 
1459947795149616 147.53215 69.12486 
1459947795164491 145.68573 69.105101 
1459947795180225 146.19887 69.093887 
1459947795196319 146.97963 69.114236 
1459947795211946 145.40763 69.13201 
1459947795225381 136.39913 69.133104 
1459947795239248 139.73524 69.133845 
1459947795254708 142.48474 69.121341 
1459947795271159 146.5803 69.107466 
1459947795285641 143.66951 69.125022 
1459947795301071 146.42769 69.122437 
1459947795316057 147.62187 69.116906 
1459947795332225 148.31503 69.120599 
1459947795348143 148.28129 69.122993 
1459947795363350 144.46692 69.122596 
1459947795379048 146.04957 69.106423 
1459947795394728 147.44748 69.130029 
1459947795408838 141.37726 69.089934 
1459947795424569 144.97475 69.107243 
1459947795439731 143.58495 69.122052 
1459947795456487 147.20261 69.132795 
1459947795472154 145.56238 69.121127 
1459947795488406 147.0118 69.13273 
1459947795504726 149.0553 69.131191 
1459947795520255 144.93667 69.131677 
1459947795535814 145.22298 69.125419 
1459947795552021 147.75655 69.120342 
1459947795566277 141.74781 69.125238 
1459947795582079 146.66786 69.122812 
1459947795596852 143.54018 69.125144 
1459947795611608 144.56352 69.132083 
1459947795627701 147.75553 69.126552 
1459947795643154 144.56544 69.124473 
1459947795658448 146.73318 69.129915 
1459947795672346 137.63889 69.101339 
1459947795687341 144.17429 69.141766 
1459947795702012 145.73437 69.142933 
1459947795716428 139.31805 69.124958 
1459947795732498 145.72888 69.113146 
1459947795746961 141.54789 69.130879 
1459947795762171 146.07656 69.117491 
1459947795776450 142.21909 69.126414 
1459947795791771 146.33308 69.133891 
1459947795807957 145.67099 69.118655 
1459947795820989 135.51227 69.109915 
1459947795836270 147.55272 69.117501 
1459947795850862 142.85412 69.128777 
1459947795866200 144.01002 69.119701 
1459947795881718 141.64765 69.132517 
1459947795896314 142.25623 69.131107 
1459947795911053 144.99263 69.123248 
1459947795925889 143.59928 69.135089 
1459947795940823 145.48526 69.124579 
1459947795955372 145.54976 69.109824 
1459947795970358 147.05531 69.127964 
1459947795985216 144.3727 69.118996 
1459947796000582 145.32772 69.110032 
1459947796015229 143.27204 69.127563 
1459947796030102 144.44375 69.116431 
1459947796045932 148.11164 69.119059 
1459947796061420 146.42094 69.125067 
1459947796076500 144.10167 69.119 
1459947796091448 145.15364 69.127995 
1459947796106833 144.79224 69.127959 
1459947796122288 147.80889 69.110985 
1459947796137234 144.90527 69.116548 
1459947796151455 139.35008 69.118157 
1459947796167051 145.77529 69.125112 
1459947796182602 144.67359 69.115441 
1459947796197268 143.44474 69.117377 
1459947796211711 142.13302 69.130243 
1459947796227323 143.44032 69.132491 
1459947796242547 145.44499 69.12602 
1459947796258136 146.20678 69.129825 
1459947796272789 145.26864 69.13501 
1459947796288319 146.99052 69.12259 
1459947796304991 148.42665 69.12445 
1459947796319828 148.15243 69.119444 
1459947796334866 146.45714 69.107136 
1459947796350478 147.34511 69.116347 
1459947796364296 142.32333 69.128631 
1459947796378545 144.15054 69.140901 
1459947796393708 145.19095 69.135822 
1459947796409131 145.92012 69.134065 
1459947796423671 144.29696 69.116163 
1459947796438199 143.11984 69.114552 
1459947796452278 141.67465 69.133331 
1459947796467096 148.11723 69.130848 
1459947796481812 143.15515 69.124793 
1459947796496807 143.77399 69.117525 
1459947796511809 145.67129 69.130383 
1459947796527474 145.66963 69.121897 
1459947796541721 145.47532 69.124578 
1459947796556621 143.40351 69.112825 
1459947796571651 142.18796 69.132964 
1459947796587340 147.95101 69.13198 
1459947796599686 138.39696 69.135551 
1459947796613179 135.18109 69.128489 
1459947796626661 140.10501 69.118557 
1459947796639132 130.44874 69.126026 
1459947796653186 139.87166 69.14211 
1459947796666356 135.95857 69.131269 
1459947796680751 142.63175 69.118604 
1459947796695912 145.76046 69.124686 
1459947796709651 140.50732 69.119133 
1459947796724808 146.13426 69.122599 
1459947796740503 144.69327 69.137272 
1459947796755177 146.36397 69.10784 
1459947796769488 144.60563 69.129463 
1459947796785090 145.32215 69.133723 
1459947796800531 148.03978 69.134453 
1459947796815587 147.46087 69.110351 
1459947796831293 145.92795 69.121476 
1459947796845830 140.63003 69.125333 
1459947796859512 140.29719 69.119488 
1459947796875202 146.50292 69.124439 
1459947796889229 140.01758 69.121741 
1459947796903591 144.56477 69.101644 
1459947796918608 145.54405 69.135038 
1459947796933443 142.64449 69.114643 
1459947796944316 118.39704 69.129043 
1459947796958261 144.30179 69.120094 
1459947796972205 142.43784 69.116366 
1459947796986513 140.03106 69.12445 
1459947797000359 142.13454 69.10813 
1459947797015121 144.24855 69.129269 
1459947797029417 140.86873 69.130678 
1459947797044708 145.35425 69.126517 
1459947797059691 138.30077 69.118058 
1459947797075135 145.72834 69.128652 
1459947797090489 145.565 69.126527 
1459947797107431 148.86459 69.140464 
1459947797122457 142.37119 69.112707 
1459947797136655 140.37442 69.120021 
1459947797151709 146.55453 69.130563 
1459947797166376 144.72971 69.133337 
1459947797181289 145.89285 69.113903 
1459947797195646 142.28015 69.129178 
1459947797210235 144.72076 69.126772 
1459947797224708 143.59403 69.118607 
1459947797240200 143.95299 69.119463 
1459947797253807 141.76953 69.12162 
1459947797268310 141.50397 69.131072 
1459947797284332 145.30055 69.130598 
1459947797298796 140.34901 69.133215 
1459947797314196 147.44536 69.125892 
1459947797329327 142.86715 69.137596 
1459947797344653 147.27006 69.115294 
1459947797360378 148.32932 69.131451 
1459947797375030 144.79883 69.107091 
1459947797389552 144.92304 69.125137 
1459947797403209 142.29052 69.112803 
1459947797416962 138.23863 69.134458 
1459947797431207 144.60846 69.135993 
1459947797444270 139.21673 69.120646 
1459947797458843 143.73771 69.12903 
1459947797473126 144.96705 69.135433 
1459947797485227 134.34145 69.123067 
1459947797498677 134.83412 69.110325 
1459947797514679 147.1175 69.129352 
1459947797529801 145.64017 69.108601 
1459947797543398 142.0989 69.115691 
1459947797558863 143.5777 69.125978 
1459947797574077 146.30939 69.10249 
1459947797589530 147.31208 69.12383 
1459947797604084 142.98273 69.121346 
1459947797619333 143.92079 69.134125 
1459947797634871 147.8254 69.12851 
1459947797650931 149.47954 69.136472 
1459947797666352 145.66923 69.132172 
1459947797681835 148.24346 69.124184 
1459947797697159 146.95314 69.131464 
1459947797712358 146.76285 69.129658 
1459947797727953 147.96977 69.129464 
1459947797742250 143.87643 69.134918 
1459947797757431 146.90281 69.106363 
1459947797772782 144.66947 69.133233 
1459947797787327 144.61309 69.137831 
1459947797801263 136.95372 69.139178 
1459947797816643 145.27482 69.130579 
1459947797832214 146.88659 69.114984 
1459947797846830 142.16296 69.127891 
1459947797862387 145.63665 69.122 
1459947797878157 147.83176 69.1266 
1459947797891532 141.88426 69.13212 
1459947797907588 149.02441 69.128628 
1459947797923674 145.53602 69.118156 
1459947797938503 142.97192 69.135518 
1459947797954278 146.65913 69.108787 
1459947797969290 144.91082 69.120551 
1459947797985027 146.44489 69.130577 
1459947798000974 143.9025 69.127315 
1459947798015920 142.64269 69.126988 
1459947798032057 146.33476 69.111795 
1459947798046733 139.37562 69.125633 
1459947798062806 147.85149 69.12565 
1459947798077947 144.50997 69.126141 
1459947798092854 141.96965 69.136876 
1459947798107905 140.62141 69.120303 
1459947798122741 145.36476 69.128163 
1459947798138486 147.57283 69.131054 
1459947798154272 144.92171 69.113952 
1459947798169132 142.2352 69.127693 
1459947798184809 144.75848 69.131152 
1459947798200793 147.5789 69.137218 
1459947798216986 148.76459 69.107955 
1459947798232078 144.92973 69.126868 
1459947798245317 142.22315 69.131943 
1459947798259471 142.07401 69.128893 
1459947798274795 143.91425 69.11494 
1459947798290584 148.58429 69.128602 
1459947798306547 146.20458 69.122632 
1459947798316376 140.68894 69.10064 
1459947798333253 147.9478 69.12849 
1459947798349481 147.85931 69.119902 
1459947798364731 143.88713 69.128526 
1459947798380063 144.44159 69.102298 
1459947798395538 145.78138 69.130881 
1459947798410407 146.48647 69.136512 
1459947798426117 147.879 69.115071 
1459947798441486 143.06558 69.127081 
1459947798457711 147.34899 69.114398 
1459947798473555 145.91688 69.134987 
1459947798487319 136.65591 69.124695 
1459947798502508 146.45735 69.130567 
1459947798517416 146.99626 69.115181 
1459947798534000 147.87704 69.12631 
1459947798549276 144.72635 69.116781 
1459947798564637 144.9985 69.119206 
1459947798580618 147.60705 69.13003 
1459947798594854 140.56693 69.127433 
1459947798607901 134.30341 69.111905 
1459947798623359 146.23381 69.120014 
1459947798639421 145.60879 69.119069 
1459947798655764 145.58027 69.12692 
1459947798671096 145.96084 69.140509 
1459947798686834 144.82006 69.129764 
1459947798702806 146.02351 69.136966 
1459947798719091 147.8485 69.109429 
1459947798734953 146.49461 69.115694 
1459947798750010 145.88494 69.13913 
1459947798763874 140.21252 69.127845 
1459947798778075 143.29941 69.122753 
1459947798792883 144.60643 69.129378 
1459947798808871 146.82184 69.110289 
1459947798823894 143.09437 69.127613 
1459947798839703 144.76049 69.131014 
1459947798856137 145.30918 69.132614 
1459947798872212 147.00465 69.139377 
1459947798889441 149.29854 69.121923 
1459947798905265 146.84566 69.129286 
1459947798921684 149.16114 69.142317 
1459947798937333 147.63824 69.104698 
1459947798952380 144.78344 69.115972 
1459947798968182 147.90028 69.128281 
1459947798983672 145.02519 69.129797 
1459947798999654 148.00138 69.098241 
1459947799015285 146.25846 69.109789 
1459947799030018 143.58837 69.129671 
1459947799046880 149.02639 69.113974 
1459947799063055 147.64332 69.112363 
1459947799079912 148.85904 69.124066 
1459947799096289 148.46137 69.135554 
1459947799112130 148.18539 69.124123 
1459947799127447 146.10874 69.117223 
1459947799143077 144.90789 69.130352 
1459947799159319 147.80403 69.130006 
1459947799176108 149.8905 69.122221 
1459947799191261 140.81909 69.111359 
1459947799206719 148.44728 69.122278 
1459947799222238 145.89496 69.12531 
1459947799237959 148.17183 69.118915 
1459947799253900 148.04264 69.109358 
1459947799268659 143.97615 69.108366 
1459947799282983 142.58619 69.131056 
1459947799298901 145.70569 69.136201 
1459947799314177 147.99842 69.123895 
1459947799330010 149.05094 69.09944 
1459947799345099 144.2316 69.133275 
1459947799360979 147.49852 69.129285 
1459947799375456 141.37126 69.131208 
1459947799390871 145.27465 69.115207 
1459947799406179 146.55904 69.119527 
1459947799422386 148.04861 69.129315 
1459947799437274 143.49636 69.11757 
1459947799451455 142.47894 69.106697 
1459947799465716 138.10217 69.12424 
1459947799481527 146.61613 69.123978 
1459947799496909 146.6664 69.120402 
1459947799511662 140.09715 69.104666 
1459947799525145 130.80558 69.130081 
1459947799540515 148.01418 69.113894 
1459947799555284 145.67281 69.123434 
1459947799572143 150.20123 69.114932 
1459947799586110 143.58966 69.128864 
1459947799600769 144.32244 69.130243 
1459947799616267 147.84841 69.131301 
1459947799631310 143.84237 69.124638 
1459947799647139 146.04987 69.130467 
1459947799663396 146.61077 69.121773 
1459947799678453 145.86085 69.129426 
1459947799694175 146.40082 69.109307 
1459947799709861 148.37252 69.127015 
1459947799725152 146.30432 69.112048 
1459947799740559 144.69453 69.110204 
1459947799755676 144.72213 69.122421 
1459947799770954 145.09323 69.117792 
1459947799786374 146.52256 69.116028 
1459947799801841 148.05087 69.127905 
1459947799815724 135.92392 69.121166 
1459947799830898 147.52071 69.139448 
1459947799845521 147.14869 69.128901 
1459947799861183 148.0427 69.127299 
1459947799875866 140.06936 69.125832 
1459947799891365 145.68602 69.131758 
1459947799906132 143.97187 69.128654 
1459947799921151 145.31892 69.126813 
1459947799936055 147.2365 69.111229 
1459947799950068 139.37754 69.116435 
1459947799965201 145.57244 69.122146 
1459947799980659 146.15359 69.126752 
1459947799996733 148.22776 69.119294 
1459947800011749 141.6169 69.117701 
1459947800026890 147.47521 69.139282 
1459947800041793 145.98193 69.12409 
1459947800056531 146.50657 69.117661 
1459947800072252 144.55005 69.130451 
1459947800088715 146.36136 69.123486 
1459947800103786 142.19459 69.106579 
1459947800119847 146.00067 69.110568 
1459947800135369 144.08984 69.126316 
1459947800150692 147.64194 69.129419 
1459947800166686 147.37025 69.128035 
1459947800182284 145.57885 69.112003 
1459947800197789 145.56214 69.134767 
1459947800212756 144.70516 69.128626 
1459947800227929 147.65012 69.126571 
1459947800243211 145.09601 69.113385 
1459947800258321 146.2974 69.132359 
1459947800273255 146.42626 69.133241 
1459947800287539 144.31877 69.131679 
1459947800302938 146.48243 69.122332 
1459947800318744 147.09234 69.132727 
1459947800333671 145.46833 69.132827 
1459947800347954 143.86143 69.115705 
1459947800361513 143.69791 69.12635 
1459947800376392 142.4958 69.102909 
1459947800392700 147.43419 69.131874 
1459947800408803 144.91118 69.133107 
1459947800424683 148.4352 69.112923 
1459947800440453 145.63566 69.132599 
1459947800456130 146.14739 69.133671 
1459947800471915 148.2208 69.122131 
1459947800487126 147.26188 69.125558 
1459947800502100 144.71686 69.116143 
1459947800516105 142.15979 69.110631 
1459947800531085 144.99469 69.120058 
1459947800546899 145.5438 69.109611 
1459947800562426 147.05164 69.120741 
1459947800577747 146.00317 69.132679 
1459947800592411 140.63075 69.128908 
1459947800608732 147.10761 69.106996 
1459947800625073 148.01642 69.12101 
1459947800640316 144.51284 69.123009 
1459947800655367 143.47879 69.130317 
1459947800669654 138.66571 69.128976 
1459947800684972 144.83601 69.12654 
1459947800700284 147.09305 69.128635 
1459947800716031 146.08919 69.115247 
1459947800729038 139.74077 69.137089 
1459947800743314 141.62675 69.12 
1459947800757497 144.11691 69.125751 
1459947800772788 145.3778 69.134359 
1459947800787813 143.62858 69.128406 
1459947800801716 141.16568 69.120063 
1459947800816277 144.76112 69.120183 
1459947800832207 147.07207 69.119084 
1459947800847844 149.99232 69.129547 
1459947800862693 144.62948 69.118654 
1459947800878208 143.40571 69.130744 
1459947800894042 144.75269 69.133207 
1459947800909561 145.76165 69.125561 
1459947800925339 149.53943 69.127064 
1459947800940334 144.86172 69.12023 
1459947800955513 145.49311 69.119007 
1459947800969840 143.36107 69.128605 
1459947800984425 145.75436 69.120292 
1459947800999289 148.40175 69.119702 
1459947801014913 146.45499 69.13616 
1459947801028671 143.37018 69.13173 
1459947801040990 135.44484 69.127596 
1459947801056840 146.50517 69.112947 
1459947801071238 142.74359 69.131417 
1459947801087312 149.23857 69.129824 
1459947801101725 143.22058 69.129944 
1459947801117027 146.55811 69.12168 
1459947801130629 138.2387 69.129211 
1459947801145499 144.86817 69.098196 
1459947801160781 149.50478 69.129856 
1459947801175954 146.59007 69.130615 
1459947801191244 146.89219 69.123398 
1459947801205112 143.31523 69.125892 
1459947801220050 146.45631 69.133674 
1459947801235746 148.63722 69.133222 
1459947801250687 143.40674 69.131826 
1459947801265778 144.53053 69.128538 
1459947801281543 146.45793 69.114637 
1459947801297315 148.75449 69.129312 
1459947801312624 146.40084 69.114337 
1459947801327328 147.59993 69.117338 
1459947801342236 144.82373 69.128356 
1459947801357474 142.49353 69.129413 
1459947801372048 144.69942 69.13392 
1459947801386047 141.84765 69.108065 
1459947801402466 154.68764 69.114565 
1459947801418204 151.09445 69.12227 
1459947801434081 148.20355 69.120515 
1459947801448691 144.79745 69.110958 
1459947801463874 146.61884 69.134476 
1459947801479732 150.06807 69.127534 
1459947801494708 146.52194 69.129153 
1459947801509428 141.86633 69.123966 
1459947801525734 148.30954 69.12541 
1459947801540883 147.04502 69.117738 
1459947801556173 146.73378 69.120981 
1459947801570304 145.39379 69.113895 
1459947801583722 138.49852 69.125556 
1459947801599082 146.10224 69.126696 
1459947801614655 147.08385 69.127903 
1459947801629840 145.38391 69.123596 
1459947801643973 145.56533 69.121785 
1459947801658883 147.48302 69.101984 
1459947801673295 146.10835 69.135351 
1459947801689007 148.27396 69.118947 
1459947801702994 144.72601 69.113762 
1459947801718057 144.80671 69.121432 
1459947801733106 148.13491 69.119406 
1459947801747414 146.10313 69.132036 
1459947801760566 136.66442 69.132732 
1459947801774832 145.63582 69.122133 
1459947801789645 146.13821 69.116688 
1459947801804038 146.59878 69.121843 
1459947801818690 145.24078 69.133011 
1459947801833043 143.59393 69.107947 
1459947801846003 136.45665 69.132177 
1459947801860808 145.85018 69.123227 
1459947801875629 146.63149 69.123961 
1459947801889591 145.74849 69.127402 
1459947801902840 144.6047 69.115306 
1459947801917195 143.72184 69.120117 
1459947801931583 142.11269 69.11911 
1459947801945659 144.52276 69.125781 
1459947801961261 147.17403 69.129718 
1459947801976185 146.18614 69.10858 
