1459947780015934 145.27968 69.096498 
1459947780030633 142.08881 69.129743 
1459947780045498 146.35786 69.135921 
1459947780059552 141.99758 69.128721 
1459947780075635 148.34877 69.127147 
1459947780090737 148.36257 69.129191 
1459947780105702 146.68232 69.124489 
1459947780119670 141.71477 69.124928 
1459947780134446 143.54721 69.14396 
1459947780149843 147.26214 69.140454 
1459947780165520 148.64401 69.129025 
1459947780181077 144.85074 69.130016 
1459947780197097 146.49105 69.127922 
1459947780212402 144.32267 69.117323 
1459947780228474 146.40159 69.130004 
1459947780245300 149.11707 69.129749 
1459947780261691 147.19854 69.116879 
1459947780278033 148.31445 69.133148 
1459947780294170 147.331 69.132936 
1459947780309360 144.93355 69.125189 
1459947780324452 144.55979 69.131491 
1459947780339558 143.11883 69.117976 
1459947780355031 146.13004 69.13545 
1459947780370219 145.00476 69.126187 
1459947780385995 146.09656 69.139022 
1459947780401471 147.32619 69.12726 
1459947780414721 136.11592 69.118953 
1459947780430104 147.3228 69.127521 
1459947780445201 145.62894 69.122448 
1459947780459465 141.95415 69.126986 
1459947780473753 144.1258 69.105153 
1459947780488722 146.49433 69.121237 
1459947780501558 130.35897 69.125103 
1459947780515770 141.30672 69.118089 
1459947780529293 137.84461 69.125563 
1459947780544443 145.94821 69.11733 
1459947780559158 145.90855 69.128224 
1459947780574357 145.63937 69.114962 
1459947780589370 146.36199 69.12692 
1459947780604376 144.14273 69.120312 
1459947780619031 145.37516 69.117158 
1459947780632856 142.40986 69.11679 
1459947780647455 144.56144 69.102525 
1459947780660618 137.01886 69.118046 
1459947780674893 143.826 69.125436 
1459947780690619 148.52431 69.125501 
1459947780706245 147.11985 69.127686 
1459947780720445 142.86106 69.115449 
1459947780735791 144.84258 69.13565 
1459947780751645 147.94771 69.124027 
1459947780766792 145.66572 69.135003 
1459947780781978 146.17518 69.127674 
1459947780797815 147.01036 69.129127 
1459947780813302 144.55362 69.132454 
1459947780829147 145.84309 69.114579 
1459947780844951 148.83806 69.130596 
1459947780858310 138.2368 69.129386 
1459947780873922 146.33034 69.100521 
1459947780887578 133.89061 69.12976 
1459947780902068 145.60136 69.12237 
1459947780917553 149.41809 69.125465 
1459947780932677 144.01073 69.128011 
1459947780948162 146.90104 69.117831 
1459947780963430 145.36406 69.135873 
1459947780979057 148.11454 69.124521 
1459947780995702 148.59333 69.113598 
1459947781010591 147.12947 69.125383 
1459947781025705 147.65875 69.112279 
1459947781040866 145.56406 69.126581 
1459947781056527 147.77882 69.124235 
1459947781072626 150.36965 69.115351 
1459947781087557 148.55124 69.108476 
1459947781103360 146.87876 69.129404 
1459947781117673 140.00263 69.124122 
1459947781132939 144.14847 69.130409 
1459947781148175 147.16141 69.13321 
1459947781163154 144.5834 69.114012 
1459947781177978 144.87741 69.118876 
1459947781192698 145.43374 69.121258 
1459947781206591 139.90707 69.11752 
1459947781222850 147.16753 69.134588 
1459947781238092 145.91152 69.136069 
1459947781254035 148.08702 69.128053 
1459947781268415 143.13597 69.110936 
1459947781284723 147.68552 69.123792 
1459947781301626 150.27802 69.123123 
1459947781316282 146.18161 69.103081 
1459947781332147 147.96731 69.131866 
1459947781348431 149.4374 69.115332 
1459947781364772 147.81158 69.130954 
1459947781378181 137.28845 69.139958 
1459947781393581 146.27697 69.128395 
1459947781409584 148.04975 69.133212 
1459947781424324 146.74733 69.106202 
1459947781439544 146.89401 69.102177 
1459947781454896 143.90315 69.114294 
1459947781470619 148.7288 69.137051 
1459947781486677 148.52697 69.137612 
1459947781503287 150.91075 69.120282 
1459947781518750 148.139 69.123477 
1459947781534033 145.85971 69.119779 
1459947781548996 142.35913 69.112255 
1459947781564111 146.10531 69.131883 
1459947781578788 142.91061 69.131289 
1459947781593585 144.8854 69.130865 
1459947781609537 148.59821 69.135588 
1459947781623934 139.90746 69.117892 
1459947781639612 148.43486 69.125456 
1459947781654765 145.09989 69.102213 
1459947781668933 144.60582 69.120584 
1459947781683743 144.00322 69.122528 
1459947781698196 144.63519 69.134714 
1459947781712624 148.87832 69.112464 
1459947781728334 147.25576 69.112555 
1459947781742824 144.84314 69.119916 
1459947781757856 147.63707 69.126703 
1459947781772891 141.90792 69.134562 
1459947781788005 146.30445 69.123473 
1459947781836399 144.16853 69.13024 
1459947781852131 145.52628 69.115043 
1459947781868528 148.61572 69.131087 
1459947781882723 141.20077 69.138327 
1459947781898412 149.01073 69.122129 
1459947781914210 145.09233 69.117179 
1459947781930048 149.27304 69.121321 
1459947781944191 141.86541 69.120856 
1459947781958774 139.14349 69.118819 
1459947781973072 146.44278 69.128108 
1459947781987900 139.9163 69.132192 
1459947782002896 146.23847 69.1332 
1459947782017950 144.58053 69.131822 
1459947782032912 144.93352 69.115042 
1459947782048151 142.92888 69.096332 
1459947782063258 145.25322 69.106668 
1459947782078596 145.66486 69.120761 
1459947782093256 146.90073 69.096586 
1459947782108176 144.49948 69.119073 
1459947782122776 147.02898 69.12888 
1459947782136461 139.04811 69.130151 
1459947782152012 145.53211 69.116695 
1459947782167712 147.71688 69.130895 
1459947782182842 142.42444 69.134984 
1459947782198129 144.66326 69.109506 
1459947782211722 139.67562 69.127475 
1459947782228347 148.43454 69.113287 
1459947782244683 147.55214 69.128525 
1459947782261116 146.78416 69.125417 
1459947782276195 145.8388 69.134536 
1459947782292212 147.69998 69.130455 
1459947782307125 144.26884 69.131062 
1459947782321411 146.99962 69.106952 
1459947782336668 144.09388 69.124965 
1459947782353214 149.77028 69.125105 
1459947782367728 144.08571 69.128956 
1459947782382561 144.04089 69.126898 
1459947782397116 142.50355 69.121583 
1459947782412113 144.65217 69.124235 
1459947782426883 147.6075 69.124544 
1459947782442520 144.44225 69.130796 
1459947782458278 144.9267 69.130022 
1459947782474444 148.02165 69.128935 
1459947782489611 143.78976 69.132723 
1459947782505158 147.66268 69.133833 
1459947782519786 142.45863 69.129759 
1459947782535006 144.76327 69.111186 
1459947782550153 146.01256 69.123074 
1459947782564905 145.01273 69.11857 
1459947782580435 144.57961 69.115631 
1459947782594183 142.81254 69.126518 
1459947782607506 139.50539 69.140591 
1459947782621741 144.05657 69.121473 
1459947782636970 146.06713 69.129301 
1459947782650131 136.62393 69.130061 
1459947782665308 145.73471 69.131355 
1459947782679808 146.43136 69.114342 
1459947782693639 141.54961 69.131675 
1459947782707130 138.22331 69.115695 
1459947782723304 146.34884 69.103765 
1459947782739638 146.58196 69.117976 
1459947782755653 147.09518 69.121332 
1459947782769676 141.95415 69.119687 
1459947782784910 148.90822 69.115381 
1459947782799584 143.73266 69.136822 
1459947782813495 140.57906 69.126828 
1459947782828559 145.10289 69.126312 
1459947782843028 146.54695 69.118374 
1459947782856893 143.7258 69.138915 
1459947782871240 145.98116 69.119825 
1459947782885634 143.03316 69.11203 
1459947782900896 146.40632 69.12144 
1459947782916046 147.3426 69.130596 
1459947782930548 141.56293 69.125829 
1459947782944999 146.58943 69.129177 
1459947782960676 145.43617 69.111209 
1459947782975863 144.84847 69.11664 
1459947782991876 145.99439 69.129398 
1459947783008273 149.68577 69.115689 
1459947783023460 145.71787 69.129401 
1459947783038770 147.09192 69.122842 
1459947783054880 149.47731 69.112538 
1459947783069872 144.72225 69.111593 
1459947783085428 146.55019 69.124094 
1459947783100522 145.98704 69.122803 
1459947783114239 145.53767 69.119933 
1459947783128547 140.1968 69.126403 
1459947783143897 144.35754 69.115661 
1459947783158241 140.59861 69.12054 
1459947783173533 144.65119 69.132098 
1459947783187870 142.76698 69.107774 
1459947783201557 144.66374 69.126759 
1459947783216278 145.93314 69.127481 
1459947783231013 147.50294 69.107475 
1459947783244182 136.5653 69.109607 
1459947783259067 143.33801 69.125451 
1459947783275066 148.50269 69.125038 
1459947783290455 144.80934 69.128976 
1459947783306290 150.05065 69.120229 
1459947783319458 140.96421 69.12368 
1459947783335075 147.24127 69.130244 
1459947783350533 147.82419 69.133054 
1459947783364727 142.20922 69.123841 
1459947783378647 139.1719 69.128573 
1459947783393058 141.41414 69.123933 
1459947783408648 146.03745 69.121088 
1459947783423768 142.34365 69.11961 
1459947783437736 142.74039 69.128771 
1459947783452393 145.68999 69.129618 
1459947783466843 142.96508 69.13135 
1459947783483524 148.58343 69.129604 
1459947783502269 163.49174 69.131375 
1459947783520790 161.87381 69.117868 
1459947783537531 154.71192 69.134057 
1459947783553931 153.71042 69.125991 
1459947783571080 158.46633 69.132469 
1459947783588434 160.5502 69.112276 
1459947783605174 152.96955 69.117433 
1459947783621607 156.63856 69.133082 
1459947783639177 160.78206 69.130265 
1459947783655181 157.38378 69.117941 
1459947783672463 158.87774 69.128515 
1459947783690281 159.69098 69.137415 
1459947783707970 159.96949 69.124281 
1459947783721812 143.74382 69.125242 
1459947783730115 144.25012 69.095245
1459947783746176 149.8969 69.121698 
1459947783763002 157.92918 69.13597 
1459947783779557 155.85417 69.124862 
1459947783794690 152.49579 69.129058 
1459947783810569 150.70874 69.13467 
1459947783827663 155.1224 69.117435 
1459947783842859 151.59769 69.12741 
1459947783857602 150.58011 69.110307 
1459947783874277 152.80339 69.126795 
1459947783890588 154.98103 69.12458 
1459947783907862 157.72138 69.108683 
1459947783923932 153.98533 69.133522 
1459947783940964 155.47132 69.127825 
1459947783957869 155.36703 69.134962 
1459947783973043 152.42762 69.115305 
1459947783989659 158.43656 69.133674 
1459947784006190 157.14343 69.132447 
1459947784022833 158.67023 69.131337 
1459947784038659 155.81478 69.118801 
1459947784057225 163.13912 69.12819 
1459947784074904 162.93683 69.113845 
1459947784091844 156.25327 69.10038 
1459947784108411 157.56309 69.113577 
1459947784125702 160.34998 69.130256 
1459947784143068 161.70547 69.124333 
1459947784159989 157.33849 69.124371 
1459947784177922 159.67308 69.134104 
1459947784196127 162.09361 69.137922 
1459947784213501 159.06397 69.118125 
1459947784230933 154.76265 69.131499 
1459947784246245 150.10145 69.115884 
1459947784262958 151.98165 69.118504 
1459947784279660 152.87765 69.130703 
1459947784293471 139.5542 69.128207 
1459947784309498 152.63778 69.123248 
1459947784324523 146.72096 69.122869 
1459947784340766 153.08536 69.127469 
1459947784354547 139.84241 69.111695 
1459947784368267 143.67813 69.12405 
1459947784383426 144.73409 69.123851 
1459947784398480 144.73401 69.115763 
1459947784411463 137.91758 69.125019 
1459947784425904 142.42721 69.115366 
1459947784441002 143.54831 69.13774 
1459947784456260 144.16375 69.124062 
1459947784472185 145.77971 69.133313 
1459947784486772 143.78606 69.117074 
1459947784502119 145.48567 69.119763 
1459947784517398 143.55576 69.11387 
1459947784532124 148.77177 69.137794 
1459947784548118 144.48509 69.136243 
1459947784562746 143.08118 69.131832 
1459947784577141 145.10082 69.107383 
1459947784591745 145.17659 69.137218 
1459947784606831 146.18387 69.120787 
1459947784621373 142.58683 69.130973 
1459947784636092 144.76599 69.117905 
1459947784651241 145.24206 69.117711 
1459947784665974 145.60523 69.131781 
1459947784680564 142.33131 69.105816 
1459947784695807 143.52304 69.129671 
1459947784710382 143.8466 69.10805 
1459947784724440 139.51863 69.124665 
1459947784740689 149.20825 69.130834 
1459947784756353 143.89457 69.129994 
1459947784772175 147.27475 69.12197 
1459947784785874 141.60676 69.133528 
1459947784800711 143.79579 69.123661 
1459947784815968 143.75734 69.115799 
1459947784830099 139.71839 69.138749 
1459947784844046 137.10332 69.13784 
1459947784859225 144.71405 69.126363 
1459947784873369 143.00711 69.133639 
1459947784889172 146.27293 69.125616 
1459947784903954 141.09807 69.121173 
1459947784919133 148.22851 69.139843 
1459947784933621 139.46846 69.129563 
1459947784949139 146.88413 69.102089 
1459947784962825 138.00248 69.110375 
1459947784978229 145.48224 69.12892 
1459947784993641 148.36934 69.107844 
1459947785008214 143.43835 69.129427 
1459947785021961 138.12421 69.13295 
1459947785033451 125.69822 69.116551 
1459947785048686 143.76688 69.129233 
1459947785064501 149.23157 69.126898 
1459947785078449 138.26 69.118689 
1459947785093204 144.53438 69.126535 
1459947785107925 144.40359 69.113654 
1459947785122237 142.69345 69.129663 
1459947785138307 150.13112 69.111651 
1459947785153043 143.13043 69.123551 
1459947785168409 146.22402 69.123508 
1459947785184092 145.13879 69.134489 
1459947785199008 143.8138 69.129267 
1459947785214818 147.38119 69.116015 
1459947785228951 142.70197 69.122262 
1459947785246255 150.68186 69.116623 
1459947785261484 147.03204 69.127214 
1459947785278351 149.91502 69.112643 
1459947785293278 144.47516 69.123519 
1459947785306461 139.43553 69.120533 
1459947785322302 148.66724 69.129691 
1459947785338085 148.0034 69.122646 
1459947785353903 151.30514 69.133435 
1459947785369687 141.47721 69.137472 
1459947785385721 148.61391 69.133919 
1459947785401034 142.68321 69.133781 
1459947785415286 143.57364 69.119772 
1459947785430393 148.11299 69.134747 
1459947785445191 144.36569 69.128231 
1459947785460777 148.51572 69.123929 
1459947785475590 145.17062 69.138255 
1459947785489279 133.31253 69.126658 
1459947785504620 145.53672 69.123278 
1459947785520142 144.72373 69.123287 
1459947785535260 146.64314 69.106352 
1459947785549935 142.58075 69.117566 
1459947785566205 149.45212 69.122801 
1459947785581267 144.05335 69.118933 
1459947785595693 140.36912 69.118976 
1459947785609250 138.66186 69.126014 
1459947785624566 144.5801 69.126072 
1459947785639756 149.19528 69.123523 
1459947785655536 145.42482 69.129526 
1459947785671919 147.87973 69.109946 
1459947785686544 143.33735 69.115179 
1459947785701966 145.35915 69.118405 
1459947785718601 149.73831 69.114974 
1459947785734017 143.12585 69.12928 
1459947785749862 145.32138 69.124388 
1459947785766159 147.26089 69.113647 
1459947785782587 147.7596 69.137797 
1459947785797694 144.10979 69.13947 
1459947785812197 141.52135 69.139042 
1459947785827005 142.83081 69.132209 
1459947785842575 144.42435 69.12874 
1459947785857708 144.95832 69.135759 
1459947785872930 144.17892 69.129918 
1459947785887960 145.87217 69.121902 
1459947785903278 144.82204 69.130372 
1459947785917755 144.13056 69.119118 
1459947785932347 144.70509 69.120874 
1459947785947853 147.94323 69.129689 
1459947785963510 146.22063 69.137195 
1459947785978301 143.32504 69.11807 
1459947785993878 148.60512 69.130585 
1459947786010511 147.21181 69.127365 
1459947786026782 148.47636 69.118778 
1459947786042480 146.61474 69.133768 
1459947786059512 149.3531 69.125869 
1459947786075296 146.34833 69.108339 
1459947786092103 148.0533 69.117522 
1459947786107895 145.44721 69.127333 
1459947786124349 148.19279 69.126117 
1459947786138569 141.99977 69.13357 
1459947786153153 144.54084 69.129466 
1459947786167313 143.12657 69.136058 
1459947786180526 133.3161 69.120484 
1459947786194859 140.19936 69.106467 
1459947786209115 142.83135 69.12382 
1459947786223167 145.23749 69.122243 
1459947786238250 143.25406 69.125679 
1459947786253634 146.28954 69.135277 
1459947786269450 145.98629 69.132185 
1459947786285355 148.06225 69.119023 
1459947786299697 143.29937 69.119752 
1459947786313989 143.55267 69.121957 
1459947786329161 146.71298 69.120869 
1459947786342714 140.64666 69.13378 
1459947786357610 145.21886 69.132505 
1459947786370257 134.77491 69.119052 
1459947786384836 143.59334 69.119045 
1459947786401023 147.46798 69.111852 
1459947786414825 142.3882 69.127472 
1459947786428919 141.92056 69.122739 
1459947786442440 137.20359 69.131344 
1459947786456988 142.96911 69.126469 
1459947786471075 142.82929 69.119682 
1459947786485884 142.36889 69.12786 
1459947786500212 144.93798 69.095618 
1459947786515919 147.76326 69.112459 
1459947786531749 145.7955 69.127493 
1459947786547160 147.34157 69.116084 
1459947786562997 146.98739 69.124168 
1459947786578974 147.04047 69.132148 
1459947786593823 145.47648 69.122648 
1459947786609093 145.65183 69.13839 
1459947786624605 145.06027 69.120596 
1459947786639828 144.6715 69.131155 
1459947786656098 146.78436 69.124634 
1459947786671966 143.7435 69.135444 
1459947786686749 146.63191 69.13143 
1459947786702806 147.66137 69.111659 
1459947786718694 146.52835 69.125615 
1459947786734607 147.67362 69.139653 
1459947786750469 147.86409 69.133327 
1459947786765763 146.21746 69.108486 
1459947786781200 148.51328 69.12261 
1459947786797968 148.34051 69.12038 
1459947786813498 146.07876 69.122698 
1459947786827431 140.74726 69.114407 
1459947786842042 143.18689 69.10816 
1459947786857514 145.10447 69.11507 
1459947786873026 146.82066 69.111932 
1459947786886483 139.95224 69.123534 
1459947786901553 147.08036 69.123989 
1459947786916931 145.2045 69.107938 
1459947786931949 145.43369 69.105805 
1459947786946768 146.47269 69.12936 
1459947786962342 145.40962 69.12545 
1459947786977204 144.46374 69.126439 
1459947786991790 143.05645 69.133406 
1459947787007396 143.74761 69.131317 
1459947787022437 143.50773 69.137651 
1459947787038111 145.78995 69.108812 
1459947787054431 148.12036 69.125132 
1459947787069986 145.30754 69.119214 
1459947787084909 144.15753 69.120309 
1459947787099611 144.39306 69.125712 
1459947787114513 143.64763 69.126979 
1459947787128614 145.26431 69.139871 
1459947787141534 140.85189 69.139919 
1459947787156815 143.46292 69.116056 
1459947787172908 147.50602 69.114362 
1459947787186799 142.28942 69.124396 
1459947787201244 144.76471 69.123852 
1459947787216642 147.29123 69.12937 
1459947787231267 145.46619 69.127761 
1459947787247924 150.59484 69.124096 
1459947787263948 146.93482 69.105831 
1459947787279948 146.81525 69.118526 
1459947787295136 144.17533 69.095607 
1459947787310507 144.65019 69.123114 
1459947787326382 147.24776 69.112127 
1459947787341912 144.81885 69.126513 
1459947787357980 147.87397 69.1164 
1459947787372459 140.68256 69.128572 
1459947787387427 141.00706 69.1305 
1459947787402338 144.64642 69.123129 
1459947787416803 138.54729 69.131177 
1459947787431919 143.8829 69.118574
1459947787449084 146.23304 69.123404 
1459947787465780 149.39454 69.1118 
1459947787481587 144.39716 69.119586 
1459947787497312 146.89223 69.131284 
1459947787513750 149.81762 69.12036 
1459947787530726 147.58549 69.112257 
1459947787546153 146.55731 69.108646 
1459947787561545 147.48414 69.13634 
1459947787578042 149.46431 69.128986 
1459947787592982 142.03425 69.125868 
1459947787607601 146.48997 69.128524 
1459947787623036 145.25102 69.13374 
1459947787638247 145.56548 69.117079 
1459947787653775 146.50631 69.122065 
1459947787669913 146.5467 69.127296 
1459947787684594 143.16759 69.130839 
1459947787700290 146.4797 69.119032 
1459947787714807 143.01772 69.122032 
1459947787731319 148.07968 69.138605 
1459947787746370 143.87284 69.124537 
1459947787762028 145.01663 69.133166 
1459947787779000 149.10081 69.130877 
1459947787792921 139.90467 69.111064 
1459947787808420 145.70344 69.115693 
1459947787822671 144.48118 69.125079 
1459947787838060 145.68266 69.120032 
1459947787852660 144.58399 69.122101 
1459947787867139 141.49251 69.129875 
1459947787882685 149.86978 69.129504 
1459947787897964 144.47528 69.108502 
1459947787912087 139.38065 69.118518 
1459947787926199 139.17698 69.129756 
1459947787940857 142.918 69.10691 
1459947787956138 144.28117 69.107837 
1459947787968753 134.13818 69.132675 
1459947787983683 150.09013 69.126973 
1459947787999161 145.559 69.121198 
1459947788014065 143.53208 69.098519 
1459947788030145 149.01327 69.128466 
1459947788045246 145.64696 69.1235 
1459947788061718 150.86262 69.125214 
1459947788077852 143.47083 69.117455 
1459947788093589 147.39779 69.123275 
1459947788108957 145.39202 69.120679 
1459947788124562 147.48622 69.129442 
1459947788141600 147.77441 69.138316 
1459947788155189 138.44371 69.121322 
1459947788169040 143.19946 69.129353 
1459947788183505 140.62485 69.110425 
1459947788197839 138.19393 69.134348 
1459947788212701 143.33811 69.125519 
1459947788228365 146.16177 69.124094 
1459947788242899 146.29502 69.114251 
1459947788257020 140.80824 69.123962 
1459947788272713 148.48252 69.116385 
1459947788286852 145.2254 69.121523 
1459947788302725 148.8826 69.101395 
1459947788317894 144.77898 69.127548 
1459947788332279 143.14703 69.126419 
1459947788348762 149.00611 69.129977 
1459947788362410 138.34014 69.089064 
1459947788377379 149.80515 69.120504 
1459947788392508 145.07493 69.129324 
1459947788406461 139.70092 69.133553 
1459947788421340 146.51175 69.125549 
1459947788436998 142.87046 69.126198 
1459947788452689 148.57531 69.112723 
1459947788467743 144.75251 69.121334 
1459947788481817 138.53487 69.13178 
1459947788496842 142.37164 69.127886 
1459947788511886 143.44334 69.127237 
1459947788528246 148.30652 69.134482 
1459947788544334 147.1964 69.127281 
1459947788557815 141.962 69.122436 
1459947788573502 148.34049 69.117512 
1459947788589474 147.1158 69.125826 
1459947788603776 145.01619 69.125358 
1459947788618330 141.38769 69.132391 
1459947788632385 142.89426 69.116435 
1459947788647964 147.10049 69.122157 
1459947788663000 144.12399 69.137172 
1459947788678791 149.45834 69.1287 
1459947788693767 144.29673 69.119389 
1459947788706976 138.27757 69.129814 
1459947788720986 140.99248 69.116146 
1459947788737121 146.95978 69.127004 
1459947788753018 147.8646 69.112607 
1459947788768504 145.4909 69.136133 
1459947788784507 146.87929 69.130655 
1459947788799511 146.3556 69.117749 
1459947788814103 141.24454 69.136297 
1459947788827166 139.21201 69.133216 
1459947788840683 140.45047 69.139401 
1459947788856705 147.76362 69.130425 
1459947788872125 145.9779 69.127723 
1459947788887717 144.72215 69.120966 
1459947788902355 147.09995 69.111878 
1459947788917806 145.19659 69.123463 
1459947788932467 146.07311 69.131007 
1459947788947679 143.43015 69.129065 
1459947788963134 145.66542 69.13226 
1459947788979342 148.18269 69.129199 
1459947788994485 144.93165 69.123992 
1459947789009999 148.67791 69.128266 
1459947789023571 142.13532 69.123939 
1459947789038087 142.92595 69.119431 
1459947789053459 148.28607 69.124525 
1459947789069300 148.20955 69.128269 
1459947789083823 146.95746 69.135785 
1459947789098931 144.58522 69.132941 
1459947789112967 142.49802 69.128528 
1459947789127400 142.64474 69.116716 
1459947789141644 143.08803 69.122987 
1459947789155407 143.82467 69.130384 
1459947789169452 142.90052 69.12364 
1459947789183546 145.12011 69.124449 
1459947789198689 147.21664 69.127965 
1459947789214513 147.52682 69.136086 
1459947789229792 147.25369 69.128815 
1459947789244224 142.40403 69.121616 
1459947789259296 148.2906 69.131919 
1459947789275206 148.60645 69.134291 
1459947789290415 148.32084 69.123879 
1459947789304907 143.84618 69.126542 
1459947789319169 139.71713 69.122218 
1459947789334710 146.32526 69.129348 
1459947789350198 145.94595 69.126022 
1459947789366237 148.57733 69.126924 
1459947789382108 145.92639 69.116354 
1459947789396707 145.2475 69.114848 
1459947789411750 146.4156 69.129572 
1459947789426001 145.88103 69.124675 
1459947789441259 149.05762 69.132877 
1459947789455131 140.47051 69.13512 
1459947789469355 145.15542 69.115208 
1459947789484831 148.70286 69.124454 
1459947789499240 140.98518 69.130591 
1459947789513114 143.87549 69.130399 
1459947789527281 139.09219 69.123495 
1459947789541685 146.23758 69.11919 
1459947789556143 142.74981 69.139835 
1459947789571862 147.40784 69.131002 
1459947789586450 142.72049 69.120676 
1459947789602354 148.06313 69.140636 
1459947789616347 141.97041 69.121094 
1459947789630796 146.08246 69.123143 
1459947789645607 145.81466 69.119849 
1459947789660167 146.05341 69.114221 
1459947789673967 144.96725 69.123677 
1459947789688383 146.22338 69.11957 
1459947789701885 142.49401 69.131098 
1459947789714236 134.77207 69.119434 
1459947789727305 134.68088 69.119005 
1459947789738189 129.62958 69.118693 
1459947789753229 146.17807 69.128937 
1459947789769240 148.12009 69.137535 
1459947789784756 146.32995 69.123363 
1459947789799463 143.74971 69.119746 
1459947789815265 145.45814 69.122913 
1459947789829859 144.02775 69.120891 
1459947789845088 147.25616 69.128852 
1459947789860157 147.70213 69.127771 
1459947789875996 149.03693 69.135058 
1459947789890889 143.62194 69.117662 
1459947789905877 145.57347 69.131192 
1459947789921263 148.03106 69.118418 
1459947789935999 142.56836 69.116367 
1459947789950751 145.88449 69.128849 
1459947789965115 143.88772 69.128517 
1459947789980536 146.81718 69.136477 
1459947789996090 149.86785 69.130068 
1459947790010465 144.03829 69.130283 
1459947790025985 149.48661 69.109198 
1459947790041129 146.34963 69.093629 
1459947790055406 144.36706 69.1266 
1459947790070235 148.0455 69.118324 
1459947790084483 143.39381 69.118646 
1459947790098917 145.23973 69.115694 
1459947790113739 146.05975 69.122673 
1459947790128272 146.23211 69.128514 
1459947790143328 145.30699 69.113404 
1459947790157395 143.23319 69.112224 
1459947790171237 141.00056 69.117991 
1459947790184927 142.6503 69.128892 
1459947790199258 143.69618 69.12402 
1459947790214819 145.09578 69.130717 
1459947790230407 147.53123 69.134048 
1459947790245466 146.41675 69.126479 
1459947790260150 146.19226 69.13083 
1459947790275037 147.46051 69.118812 
1459947790289812 146.98839 69.126838 
1459947790304859 146.08014 69.140817 
1459947790320143 146.20153 69.122968 
1459947790335683 146.54488 69.120484 
1459947790351460 146.6276 69.126847 
1459947790366157 143.76128 69.13889 
1459947790381035 146.67457 69.121479 
1459947790395915 146.49733 69.131919 
1459947790410992 147.23192 69.116458 
1459947790425276 144.19933 69.113566 
1459947790440257 145.53353 69.129325 
1459947790455030 144.33821 69.127506 
1459947790469493 143.56424 69.134166 
1459947790485719 146.72196 69.1333 
1459947790501408 145.64988 69.117418 
1459947790516404 145.22705 69.129778 
1459947790530340 143.75289 69.126638 
1459947790545016 142.04317 69.121399 
1459947790560278 146.58189 69.133114 
1459947790573836 140.977 69.118325 
1459947790589299 146.37049 69.129775 
1459947790604095 145.44545 69.110007 
1459947790619044 144.83011 69.122796 
1459947790633948 141.94152 69.113303 
1459947790649280 147.02153 69.118264 
1459947790663747 146.58529 69.13358 
1459947790678312 147.207 69.140296 
1459947790692911 142.06547 69.120153 
1459947790706986 146.34788 69.119708 
1459947790721668 146.88605 69.105787 
1459947790738007 148.37805 69.11733 
1459947790753798 144.35954 69.119722 
1459947790769778 145.81557 69.119613 
1459947790785663 148.76905 69.114154 
1459947790800826 148.26314 69.134172 
1459947790816620 148.7487 69.130952 
1459947790832391 148.00245 69.116643 
1459947790848088 148.67455 69.108895 
1459947790862893 145.94362 69.128097 
1459947790877648 146.12037 69.132436 
1459947790892021 142.34005 69.131194 
1459947790906771 146.95951 69.130281 
1459947790921525 145.21985 69.121144 
1459947790936911 146.08233 69.127578 
1459947790952420 146.45363 69.132944 
1459947790967994 146.83085 69.136141 
1459947790983536 147.43738 69.12395 
1459947790998454 144.67572 69.127518 
1459947791014868 147.98639 69.121083 
1459947791029450 145.09993 69.118991 
1459947791044344 145.99442 69.130627 
1459947791057952 140.03944 69.109254 
1459947791066927 137.41544 69.109769 
1459947791082658 146.46985 69.111051 
1459947791097380 147.38209 69.128326 
1459947791111444 140.50676 69.132928 
1459947791126162 144.75851 69.132192 
1459947791140877 145.37154 69.127421 
1459947791154556 140.4654 69.125326 
1459947791168772 140.68936 69.112755 
1459947791183443 146.73732 69.115735 
1459947791197620 145.74728 69.111731 
1459947791213401 147.14893 69.13433 
1459947791227838 144.83217 69.12249 
1459947791241928 143.74827 69.13568 
1459947791258178 147.45459 69.112568 
1459947791273984 150.41743 69.106818 
1459947791288819 144.97728 69.12948 
1459947791303428 147.14065 69.116728 
1459947791318444 148.43716 69.117079 
1459947791333591 144.31667 69.130791 
1459947791348099 145.70181 69.128635 
1459947791362858 144.7742 69.126552 
1459947791378077 147.64141 69.13295 
1459947791391981 137.92883 69.136391 
1459947791407358 145.75705 69.123199 
1459947791421295 141.54447 69.108487 
1459947791435588 139.90936 69.1216 
1459947791450969 146.00897 69.134213 
1459947791466160 141.96143 69.115728 
1459947791480596 143.21855 69.123858 
1459947791494972 142.92963 69.127258 
1459947791510203 144.88713 69.102567 
1459947791525484 147.06171 69.138434 
1459947791540069 141.00634 69.131268 
1459947791555360 146.58198 69.131969 
1459947791569983 145.68416 69.133985 
1459947791584608 145.11052 69.131403 
1459947791600350 146.9407 69.112549 
1459947791615631 142.8764 69.131954 
1459947791630926 146.16792 69.112993 
1459947791645945 146.02255 69.107787 
1459947791660996 146.50038 69.14179 
1459947791675515 145.89785 69.132408 
1459947791689442 140.24474 69.125271 
1459947791702758 143.15896 69.124797 
1459947791718460 150.52117 69.128941 
1459947791733919 148.20846 69.13903 
1459947791747633 142.96841 69.120304 
1459947791763506 149.82465 69.142725 
1459947791779417 146.49354 69.119815 
1459947791794503 146.41014 69.117925 
1459947791809634 145.99254 69.126303 
1459947791823451 143.18991 69.133155 
1459947791838550 147.78161 69.119263 
1459947791854168 147.05792 69.111033 
1459947791869281 143.86545 69.124632 
1459947791883534 143.30869 69.132481 
1459947791898522 146.84992 69.125255 
1459947791913826 148.42089 69.125013 
1459947791928980 146.45873 69.120683 
1459947791943697 141.96043 69.126898 
1459947791958741 146.1291 69.121735 
1459947791973826 149.56358 69.122791 
1459947791989028 146.42534 69.124613 
1459947792000838 135.26735 69.138215 
1459947792016762 149.02145 69.127811 
1459947792031736 145.79354 69.115596 
1459947792047147 148.67808 69.134025 
1459947792060917 145.09322 69.123192 
1459947792076424 147.7511 69.126477 
1459947792091674 148.79587 69.122222 
1459947792107379 148.53995 69.131287 
1459947792122435 145.80546 69.118638 
1459947792138220 145.5597 69.124155 
1459947792152708 145.32336 69.112741 
1459947792168300 145.26123 69.130286 
1459947792183773 145.18905 69.123449 
1459947792197385 141.5531 69.121542 
1459947792211589 140.13688 69.1117 
1459947792226514 145.86472 69.132817 
1459947792241577 146.42829 69.120455 
1459947792256969 145.73905 69.129902 
1459947792271787 143.96073 69.130366 
1459947792288415 150.20285 69.122024 
1459947792303063 145.71054 69.121779 
1459947792318742 146.94947 69.134637 
1459947792333694 147.42392 69.126012 
1459947792347884 142.56578 69.134398 
1459947792363889 147.21104 69.125419 
1459947792377981 144.09676 69.141147 
1459947792392741 144.64966 69.118503 
1459947792406389 142.24129 69.10798 
1459947792421114 142.77598 69.138401 
1459947792436886 147.97008 69.123982 
1459947792452176 146.44591 69.128183 
1459947792465283 139.1457 69.121123 
1459947792480368 144.60185 69.12328 
1459947792495713 148.75686 69.122147 
1459947792510052 143.98444 69.145418 
1459947792523798 143.09487 69.128832 
1459947792538648 145.54746 69.1192 
1459947792554348 149.16593 69.12285 
1459947792568256 141.26426 69.125199 
1459947792582288 142.69835 69.126711 
1459947792596013 139.84614 69.138656 
1459947792610110 140.76355 69.123511 
1459947792624624 145.42012 69.121079 
1459947792639410 144.41902 69.128174 
1459947792654134 142.40511 69.130405 
1459947792668866 143.54471 69.125875 
1459947792684224 146.54465 69.129852 
1459947792699937 148.06921 69.123623 
1459947792714733 143.58864 69.127341 
1459947792730512 147.25054 69.138643 
1459947792745017 142.03616 69.121879 
1459947792760836 144.90751 69.128823 
1459947792776882 147.76082 69.12415 
1459947792792831 147.8126 69.123127 
1459947792808147 144.69177 69.11148 
1459947792823098 146.92632 69.124285 
1459947792838574 146.6016 69.113896 
1459947792854975 147.99621 69.114604 
1459947792870371 146.87811 69.133359 
1459947792886263 146.2249 69.131954 
1459947792901631 144.96098 69.139265 
1459947792917022 145.66879 69.119747 
1459947792932628 142.3966 69.130423 
1459947792948905 147.20372 69.112151 
1459947792963274 141.14555 69.124431 
1459947792977425 138.34239 69.12859 
1459947792992445 142.50396 69.126292 
1459947793009017 147.73931 69.129892 
1459947793024213 142.55613 69.133946 
1459947793039278 144.66544 69.115392 
1459947793054910 146.14221 69.124391 
1459947793071512 147.21166 69.11123 
1459947793087590 148.12102 69.128107 
1459947793103245 145.60802 69.123106 
1459947793117793 144.23832 69.140321 
1459947793132533 144.3706 69.126718 
1459947793147792 148.43291 69.119673 
1459947793162578 144.40488 69.111504 
1459947793177929 145.53066 69.125235 
1459947793193874 148.73862 69.112975 
1459947793209602 147.64377 69.120922 
1459947793224925 145.16065 69.126701 
1459947793241328 145.25845 69.126913 
1459947793257916 147.63061 69.109283 
1459947793273234 146.88167 69.115161 
1459947793288659 147.61945 69.136525 
1459947793304412 147.71487 69.130916 
1459947793319980 148.51514 69.105847 
1459947793334519 142.63815 69.11788 
1459947793349005 144.83603 69.104711 
1459947793363968 144.86386 69.127814 
1459947793377987 142.93953 69.119153 
1459947793393042 142.66361 69.129589 
1459947793408120 145.95838 69.116649 
1459947793421719 135.59852 69.120497 
1459947793436886 143.94447 69.113 
1459947793449551 135.84292 69.108953 
1459947793464313 146.25243 69.130777 
1459947793478275 139.06064 69.128274 
1459947793493447 147.84806 69.123034 
1459947793507452 141.28998 69.110883 
1459947793522387 143.78701 69.12118 
1459947793536514 141.89543 69.133022 
1459947793550515 142.51775 69.13026 
1459947793564308 141.13567 69.12369 
1459947793579395 147.289 69.133605 
1459947793594465 147.14057 69.122995 
1459947793608582 144.77511 69.09696 
1459947793623345 143.97868 69.126846 
1459947793638148 145.60585 69.116401 
1459947793653505 146.2097 69.119996 
1459947793668393 143.88791 69.131634 
1459947793683729 142.55812 69.132084 
1459947793698657 142.99307 69.134505 
1459947793712936 145.6229 69.121293 
1459947793728778 147.32422 69.132559 
1459947793743672 145.88262 69.125917 
1459947793757813 142.12252 69.131834 
1459947793772846 144.60143 69.109155 
1459947793788623 148.52537 69.122675 
1459947793803142 144.24626 69.133251 
1459947793817765 144.34839 69.125084 
1459947793832546 146.09139 69.117495 
1459947793847018 144.3726 69.132157 
1459947793860828 145.59624 69.122608 
1459947793874692 144.25007 69.138792 
1459947793887984 141.79489 69.12315 
1459947793903290 147.53583 69.119894 
1459947793917164 142.86205 69.115933 
1459947793932737 146.09318 69.124381 
1459947793946355 140.56737 69.131905 
1459947793960482 142.87189 69.11416 
1459947793974032 145.13566 69.12163 
1459947793988352 141.96776 69.138039 
1459947794003487 145.13027 69.13241 
1459947794017521 145.77172 69.125685 
1459947794031554 144.46106 69.119352 
1459947794044971 142.10472 69.114816 
1459947794060171 147.6872 69.126167 
1459947794073851 141.78789 69.125755 
1459947794088404 145.97659 69.12709 
1459947794102288 143.42024 69.127699 
1459947794116610 146.72604 69.136815 
1459947794131023 144.16461 69.115146 
1459947794144747 142.88444 69.12544 
1459947794158920 143.78595 69.119252 
1459947794173670 145.61931 69.133459 
1459947794187999 145.11566 69.119951 
1459947794202042 145.28438 69.137249 
1459947794216090 142.84459 69.123945 
1459947794231379 146.52544 69.132081 
1459947794245989 145.40001 69.133122 
1459947794261743 146.59961 69.111662 
1459947794276313 143.7143 69.126796 
1459947794290922 146.01404 69.131144 
1459947794306620 147.45811 69.129417 
1459947794321759 144.86003 69.115807 
1459947794334452 129.97336 69.119082 
1459947794349066 141.39941 69.112379 
1459947794363044 144.91483 69.124036 
1459947794376871 142.91458 69.122442 
1459947794390600 142.16818 69.127308 
1459947794404583 144.72037 69.13263 
1459947794418487 142.84992 69.115952 
1459947794432920 145.1608 69.128322 
1459947794447381 144.58504 69.126632 
1459947794462074 144.3914 69.100423 
1459947794476123 142.98827 69.120196 
1459947794490025 142.39252 69.117993 
1459947794505114 148.47847 69.128079 
1459947794520957 145.9761 69.121255 
1459947794536075 146.57334 69.120804 
1459947794550733 143.73466 69.136811 
1459947794565717 144.06485 69.135097 
1459947794580129 140.29447 69.110241 
1459947794595847 147.51724 69.116428 
1459947794611244 143.78462 69.130168 
1459947794627504 146.50567 69.125773 
1459947794642679 146.15876 69.13548 
1459947794657531 142.1164 69.120473 
1459947794671565 144.26526 69.114618
1459947794687600 143.91851 69.128448 
1459947794700987 138.77585 69.127 
1459947794714398 141.41853 69.135692 
1459947794729308 145.73716 69.11671 
1459947794744650 145.44938 69.128603 
1459947794759047 145.391 69.112149 
1459947794772627 138.05899 69.116738 
1459947794788015 145.18282 69.124306 
1459947794802272 142.06998 69.140055 
1459947794817580 146.74781 69.117182 
1459947794832216 141.56513 69.123325 
1459947794847247 145.33738 69.120584 
1459947794861374 144.04965 69.127052 
1459947794876923 143.18953 69.122104 
1459947794893053 145.47434 69.123048 
1459947794907390 144.70024 69.131319 
1459947794921762 143.35814 69.125889 
1459947794937579 147.0936 69.124483 
1459947794953352 146.29003 69.122476 
1459947794968915 144.92182 69.134845 
1459947794983789 142.64327 69.135232 
1459947794998931 145.24318 69.126232 
1459947795014422 144.74877 69.119057 
1459947795028582 140.20078 69.128659 
1459947795042562 139.56883 69.110169 
1459947795057777 145.69952 69.1288 
1459947795072368 142.71266 69.128659 
1459947795088153 145.91858 69.128045 
1459947795103442 143.69299 69.107205 
1459947795118355 144.97737 69.117377 
1459947795134180 146.39433 69.136214 
1459947795149616 147.53215 69.12486 
1459947795164491 145.68573 69.105101 
1459947795180225 146.19887 69.093887 
1459947795196319 146.97963 69.114236 
1459947795211946 145.40763 69.13201 
1459947795225381 136.39913 69.133104 
1459947795239248 139.73524 69.133845 
1459947795254708 142.48474 69.121341 
1459947795271159 146.5803 69.107466 
1459947795285641 143.66951 69.125022 
1459947795301071 146.42769 69.122437 
1459947795316057 147.62187 69.116906 
1459947795332225 148.31503 69.120599 
1459947795348143 148.28129 69.122993 
1459947795363350 144.46692 69.122596 
1459947795379048 146.04957 69.106423 
1459947795394728 147.44748 69.130029 
1459947795408838 141.37726 69.089934 
1459947795424569 144.97475 69.107243 
1459947795439731 143.58495 69.122052 
1459947795456487 147.20261 69.132795 
1459947795472154 145.56238 69.121127 
1459947795488406 147.0118 69.13273 
1459947795504726 149.0553 69.131191 
1459947795520255 144.93667 69.131677 
1459947795535814 145.22298 69.125419 
1459947795552021 147.75655 69.120342 
1459947795566277 141.74781 69.125238 
1459947795582079 146.66786 69.122812 
1459947795596852 143.54018 69.125144 
1459947795611608 144.56352 69.132083 
1459947795627701 147.75553 69.126552 
1459947795643154 144.56544 69.124473 
1459947795658448 146.73318 69.129915 
1459947795672346 137.63889 69.101339 
1459947795687341 144.17429 69.141766 
1459947795702012 145.73437 69.142933 
1459947795716428 139.31805 69.124958 
1459947795732498 145.72888 69.113146 
1459947795746961 141.54789 69.130879 
1459947795762171 146.07656 69.117491 
1459947795776450 142.21909 69.126414 
1459947795791771 146.33308 69.133891 
1459947795807957 145.67099 69.118655 
1459947795820989 135.51227 69.109915 
1459947795836270 147.55272 69.117501 
1459947795850862 142.85412 69.128777 
1459947795866200 144.01002 69.119701 
1459947795881718 141.64765 69.132517 
1459947795896314 142.25623 69.131107 
1459947795911053 144.99263 69.123248 
1459947795925889 143.59928 69.135089 
1459947795940823 145.48526 69.124579 
1459947795955372 145.54976 69.109824 
1459947795970358 147.05531 69.127964 
1459947795985216 144.3727 69.118996 
1459947796000582 145.32772 69.110032 
1459947796015229 143.27204 69.127563 
1459947796030102 144.44375 69.116431 
1459947796045932 148.11164 69.119059 
1459947796061420 146.42094 69.125067 
1459947796076500 144.10167 69.119 
1459947796091448 145.15364 69.127995 
1459947796106833 144.79224 69.127959 
1459947796122288 147.80889 69.110985 
1459947796137234 144.90527 69.116548 
1459947796151455 139.35008 69.118157 
1459947796167051 145.77529 69.125112 
1459947796182602 144.67359 69.115441 
1459947796197268 143.44474 69.117377 
1459947796211711 142.13302 69.130243 
1459947796227323 143.44032 69.132491 
1459947796242547 145.44499 69.12602 
1459947796258136 146.20678 69.129825 
1459947796272789 145.26864 69.13501 
1459947796288319 146.99052 69.12259 
1459947796304991 148.42665 69.12445 
1459947796319828 148.15243 69.119444 
1459947796334866 146.45714 69.107136 
1459947796350478 147.34511 69.116347 
1459947796364296 142.32333 69.128631 
1459947796378545 144.15054 69.140901 
1459947796393708 145.19095 69.135822 
1459947796409131 145.92012 69.134065 
1459947796423671 144.29696 69.116163 
1459947796438199 143.11984 69.114552 
1459947796452278 141.67465 69.133331 
1459947796467096 148.11723 69.130848 
1459947796481812 143.15515 69.124793 
1459947796496807 143.77399 69.117525 
1459947796511809 145.67129 69.130383 
1459947796527474 145.66963 69.121897 
1459947796541721 145.47532 69.124578 
1459947796556621 143.40351 69.112825 
1459947796571651 142.18796 69.132964 
1459947796587340 147.95101 69.13198 
1459947796599686 138.39696 69.135551 
1459947796613179 135.18109 69.128489 
1459947796626661 140.10501 69.118557 
1459947796639132 130.44874 69.126026 
1459947796653186 139.87166 69.14211 
1459947796666356 135.95857 69.131269 
1459947796680751 142.63175 69.118604 
1459947796695912 145.76046 69.124686 
1459947796709651 140.50732 69.119133 
1459947796724808 146.13426 69.122599 
1459947796740503 144.69327 69.137272 
1459947796755177 146.36397 69.10784 
1459947796769488 144.60563 69.129463 
1459947796785090 145.32215 69.133723 
1459947796800531 148.03978 69.134453 
1459947796815587 147.46087 69.110351 
1459947796831293 145.92795 69.121476 
1459947796845830 140.63003 69.125333 
1459947796859512 140.29719 69.119488 
1459947796875202 146.50292 69.124439 
1459947796889229 140.01758 69.121741 
1459947796903591 144.56477 69.101644 
1459947796918608 145.54405 69.135038 
1459947796933443 142.64449 69.114643 
1459947796944316 118.39704 69.129043 
1459947796958261 144.30179 69.120094 
1459947796972205 142.43784 69.116366 
1459947796986513 140.03106 69.12445 
1459947797000359 142.13454 69.10813 
1459947797015121 144.24855 69.129269 
1459947797029417 140.86873 69.130678 
1459947797044708 145.35425 69.126517 
1459947797059691 138.30077 69.118058 
1459947797075135 145.72834 69.128652 
1459947797090489 145.565 69.126527 
1459947797107431 148.86459 69.140464 
1459947797122457 142.37119 69.112707 
1459947797136655 140.37442 69.120021 
1459947797151709 146.55453 69.130563 
1459947797166376 144.72971 69.133337 
1459947797181289 145.89285 69.113903 
1459947797195646 142.28015 69.129178 
1459947797210235 144.72076 69.126772 
1459947797224708 143.59403 69.118607 
1459947797240200 143.95299 69.119463 
1459947797253807 141.76953 69.12162 
1459947797268310 141.50397 69.131072 
1459947797284332 145.30055 69.130598 
1459947797298796 140.34901 69.133215 
1459947797314196 147.44536 69.125892 
1459947797329327 142.86715 69.137596 
1459947797344653 147.27006 69.115294 
1459947797360378 148.32932 69.131451 
1459947797375030 144.79883 69.107091 
1459947797389552 144.92304 69.125137 
1459947797403209 142.29052 69.112803 
1459947797416962 138.23863 69.134458 
1459947797431207 144.60846 69.135993 
1459947797444270 139.21673 69.120646 
1459947797458843 143.73771 69.12903 
1459947797473126 144.96705 69.135433 
1459947797485227 134.34145 69.123067 
1459947797498677 134.83412 69.110325 
1459947797514679 147.1175 69.129352 
1459947797529801 145.64017 69.108601 
1459947797543398 142.0989 69.115691 
1459947797558863 143.5777 69.125978 
1459947797574077 146.30939 69.10249 
1459947797589530 147.31208 69.12383 
1459947797604084 142.98273 69.121346 
1459947797619333 143.92079 69.134125 
1459947797634871 147.8254 69.12851 
1459947797650931 149.47954 69.136472 
1459947797666352 145.66923 69.132172 
1459947797681835 148.24346 69.124184 
1459947797697159 146.95314 69.131464 
1459947797712358 146.76285 69.129658 
1459947797727953 147.96977 69.129464 
1459947797742250 143.87643 69.134918 
1459947797757431 146.90281 69.106363 
1459947797772782 144.66947 69.133233 
1459947797787327 144.61309 69.137831 
1459947797801263 136.95372 69.139178 
1459947797816643 145.27482 69.130579 
1459947797832214 146.88659 69.114984 
1459947797846830 142.16296 69.127891 
1459947797862387 145.63665 69.122 
1459947797878157 147.83176 69.1266 
1459947797891532 141.88426 69.13212 
1459947797907588 149.02441 69.128628 
1459947797923674 145.53602 69.118156 
1459947797938503 142.97192 69.135518 
1459947797954278 146.65913 69.108787 
1459947797969290 144.91082 69.120551 
1459947797985027 146.44489 69.130577 
1459947798000974 143.9025 69.127315 
1459947798015920 142.64269 69.126988 
1459947798032057 146.33476 69.111795 
1459947798046733 139.37562 69.125633 
1459947798062806 147.85149 69.12565 
1459947798077947 144.50997 69.126141 
1459947798092854 141.96965 69.136876 
1459947798107905 140.62141 69.120303 
1459947798122741 145.36476 69.128163 
1459947798138486 147.57283 69.131054 
1459947798154272 144.92171 69.113952 
1459947798169132 142.2352 69.127693 
1459947798184809 144.75848 69.131152 
1459947798200793 147.5789 69.137218 
1459947798216986 148.76459 69.107955 
1459947798232078 144.92973 69.126868 
1459947798245317 142.22315 69.131943 
1459947798259471 142.07401 69.128893 
1459947798274795 143.91425 69.11494 
1459947798290584 148.58429 69.128602 
1459947798306547 146.20458 69.122632 
1459947798316376 140.68894 69.10064 
1459947798333253 147.9478 69.12849 
1459947798349481 147.85931 69.119902 
1459947798364731 143.88713 69.128526 
1459947798380063 144.44159 69.102298 
1459947798395538 145.78138 69.130881 
1459947798410407 146.48647 69.136512 
1459947798426117 147.879 69.115071 
1459947798441486 143.06558 69.127081 
1459947798457711 147.34899 69.114398 
1459947798473555 145.91688 69.134987 
1459947798487319 136.65591 69.124695 
1459947798502508 146.45735 69.130567 
1459947798517416 146.99626 69.115181 
1459947798534000 147.87704 69.12631 
1459947798549276 144.72635 69.116781 
1459947798564637 144.9985 69.119206 
1459947798580618 147.60705 69.13003 
1459947798594854 140.56693 69.127433 
1459947798607901 134.30341 69.111905 
1459947798623359 146.23381 69.120014 
1459947798639421 145.60879 69.119069 
1459947798655764 145.58027 69.12692 
1459947798671096 145.96084 69.140509 
1459947798686834 144.82006 69.129764 
1459947798702806 146.02351 69.136966 
1459947798719091 147.8485 69.109429 
1459947798734953 146.49461 69.115694 
1459947798750010 145.88494 69.13913 
1459947798763874 140.21252 69.127845 
1459947798778075 143.29941 69.122753 
1459947798792883 144.60643 69.129378 
1459947798808871 146.82184 69.110289 
1459947798823894 143.09437 69.127613 
1459947798839703 144.76049 69.131014 
1459947798856137 145.30918 69.132614 
1459947798872212 147.00465 69.139377 
1459947798889441 149.29854 69.121923 
1459947798905265 146.84566 69.129286 
1459947798921684 149.16114 69.142317 
1459947798937333 147.63824 69.104698 
1459947798952380 144.78344 69.115972 
1459947798968182 147.90028 69.128281 
1459947798983672 145.02519 69.129797 
1459947798999654 148.00138 69.098241 
1459947799015285 146.25846 69.109789 
1459947799030018 143.58837 69.129671 
1459947799046880 149.02639 69.113974 
1459947799063055 147.64332 69.112363 
1459947799079912 148.85904 69.124066 
1459947799096289 148.46137 69.135554 
1459947799112130 148.18539 69.124123 
1459947799127447 146.10874 69.117223 
1459947799143077 144.90789 69.130352 
1459947799159319 147.80403 69.130006 
1459947799176108 149.8905 69.122221 
1459947799191261 140.81909 69.111359 
1459947799206719 148.44728 69.122278 
1459947799222238 145.89496 69.12531 
1459947799237959 148.17183 69.118915 
1459947799253900 148.04264 69.109358 
1459947799268659 143.97615 69.108366 
1459947799282983 142.58619 69.131056 
1459947799298901 145.70569 69.136201 
1459947799314177 147.99842 69.123895 
1459947799330010 149.05094 69.09944 
1459947799345099 144.2316 69.133275 
1459947799360979 147.49852 69.129285 
1459947799375456 141.37126 69.131208 
1459947799390871 145.27465 69.115207 
1459947799406179 146.55904 69.119527 
1459947799422386 148.04861 69.129315 
1459947799437274 143.49636 69.11757 
1459947799451455 142.47894 69.106697 
1459947799465716 138.10217 69.12424 
1459947799481527 146.61613 69.123978 
1459947799496909 146.6664 69.120402 
1459947799511662 140.09715 69.104666 
1459947799525145 130.80558 69.130081 
1459947799540515 148.01418 69.113894 
1459947799555284 145.67281 69.123434 
1459947799572143 150.20123 69.114932 
1459947799586110 143.58966 69.128864 
1459947799600769 144.32244 69.130243 
1459947799616267 147.84841 69.131301 
1459947799631310 143.84237 69.124638 
1459947799647139 146.04987 69.130467 
1459947799663396 146.61077 69.121773 
1459947799678453 145.86085 69.129426 
1459947799694175 146.40082 69.109307 
1459947799709861 148.37252 69.127015 
1459947799725152 146.30432 69.112048 
1459947799740559 144.69453 69.110204 
1459947799755676 144.72213 69.122421 
1459947799770954 145.09323 69.117792 
1459947799786374 146.52256 69.116028 
1459947799801841 148.05087 69.127905 
1459947799815724 135.92392 69.121166 
1459947799830898 147.52071 69.139448 
1459947799845521 147.14869 69.128901 
1459947799861183 148.0427 69.127299 
1459947799875866 140.06936 69.125832 
1459947799891365 145.68602 69.131758 
1459947799906132 143.97187 69.128654 
1459947799921151 145.31892 69.126813 
1459947799936055 147.2365 69.111229 
1459947799950068 139.37754 69.116435 
1459947799965201 145.57244 69.122146 
1459947799980659 146.15359 69.126752 
1459947799996733 148.22776 69.119294 
1459947800011749 141.6169 69.117701 
1459947800026890 147.47521 69.139282 
1459947800041793 145.98193 69.12409 
1459947800056531 146.50657 69.117661 
1459947800072252 144.55005 69.130451 
1459947800088715 146.36136 69.123486 
1459947800103786 142.19459 69.106579 
1459947800119847 146.00067 69.110568 
1459947800135369 144.08984 69.126316 
1459947800150692 147.64194 69.129419 
1459947800166686 147.37025 69.128035 
1459947800182284 145.57885 69.112003 
1459947800197789 145.56214 69.134767 
1459947800212756 144.70516 69.128626 
1459947800227929 147.65012 69.126571 
1459947800243211 145.09601 69.113385 
1459947800258321 146.2974 69.132359 
1459947800273255 146.42626 69.133241 
1459947800287539 144.31877 69.131679 
1459947800302938 146.48243 69.122332 
1459947800318744 147.09234 69.132727 
1459947800333671 145.46833 69.132827 
1459947800347954 143.86143 69.115705 
1459947800361513 143.69791 69.12635 
1459947800376392 142.4958 69.102909 
1459947800392700 147.43419 69.131874 
1459947800408803 144.91118 69.133107 
1459947800424683 148.4352 69.112923 
1459947800440453 145.63566 69.132599 
1459947800456130 146.14739 69.133671 
1459947800471915 148.2208 69.122131 
1459947800487126 147.26188 69.125558 
1459947800502100 144.71686 69.116143 
1459947800516105 142.15979 69.110631 
1459947800531085 144.99469 69.120058 
1459947800546899 145.5438 69.109611 
1459947800562426 147.05164 69.120741 
1459947800577747 146.00317 69.132679 
1459947800592411 140.63075 69.128908 
1459947800608732 147.10761 69.106996 
1459947800625073 148.01642 69.12101 
1459947800640316 144.51284 69.123009 
1459947800655367 143.47879 69.130317 
1459947800669654 138.66571 69.128976 
1459947800684972 144.83601 69.12654 
1459947800700284 147.09305 69.128635 
1459947800716031 146.08919 69.115247 
1459947800729038 139.74077 69.137089 
1459947800743314 141.62675 69.12 
1459947800757497 144.11691 69.125751 
1459947800772788 145.3778 69.134359 
1459947800787813 143.62858 69.128406 
1459947800801716 141.16568 69.120063 
1459947800816277 144.76112 69.120183 
1459947800832207 147.07207 69.119084 
1459947800847844 149.99232 69.129547 
1459947800862693 144.62948 69.118654 
1459947800878208 143.40571 69.130744 
1459947800894042 144.75269 69.133207 
1459947800909561 145.76165 69.125561 
1459947800925339 149.53943 69.127064 
1459947800940334 144.86172 69.12023 
1459947800955513 145.49311 69.119007 
1459947800969840 143.36107 69.128605 
1459947800984425 145.75436 69.120292 
1459947800999289 148.40175 69.119702 
1459947801014913 146.45499 69.13616 
1459947801028671 143.37018 69.13173 
1459947801040990 135.44484 69.127596 
1459947801056840 146.50517 69.112947 
1459947801071238 142.74359 69.131417 
1459947801087312 149.23857 69.129824 
1459947801101725 143.22058 69.129944 
1459947801117027 146.55811 69.12168 
1459947801130629 138.2387 69.129211 
1459947801145499 144.86817 69.098196 
1459947801160781 149.50478 69.129856 
1459947801175954 146.59007 69.130615 
1459947801191244 146.89219 69.123398 
1459947801205112 143.31523 69.125892 
1459947801220050 146.45631 69.133674 
1459947801235746 148.63722 69.133222 
1459947801250687 143.40674 69.131826 
1459947801265778 144.53053 69.128538 
1459947801281543 146.45793 69.114637 
1459947801297315 148.75449 69.129312 
1459947801312624 146.40084 69.114337 
1459947801327328 147.59993 69.117338 
1459947801342236 144.82373 69.128356 
1459947801357474 142.49353 69.129413 
1459947801372048 144.69942 69.13392 
1459947801386047 141.84765 69.108065 
1459947801402466 154.68764 69.114565 
1459947801418204 151.09445 69.12227 
1459947801434081 148.20355 69.120515 
1459947801448691 144.79745 69.110958 
1459947801463874 146.61884 69.134476 
1459947801479732 150.06807 69.127534 
1459947801494708 146.52194 69.129153 
1459947801509428 141.86633 69.123966 
1459947801525734 148.30954 69.12541 
1459947801540883 147.04502 69.117738 
1459947801556173 146.73378 69.120981 
1459947801570304 145.39379 69.113895 
1459947801583722 138.49852 69.125556 
1459947801599082 146.10224 69.126696 
1459947801614655 147.08385 69.127903 
1459947801629840 145.38391 69.123596 
1459947801643973 145.56533 69.121785 
1459947801658883 147.48302 69.101984 
1459947801673295 146.10835 69.135351 
1459947801689007 148.27396 69.118947 
1459947801702994 144.72601 69.113762 
1459947801718057 144.80671 69.121432 
1459947801733106 148.13491 69.119406 
1459947801747414 146.10313 69.132036 
1459947801760566 136.66442 69.132732 
1459947801774832 145.63582 69.122133 
1459947801789645 146.13821 69.116688 
1459947801804038 146.59878 69.121843 
1459947801818690 145.24078 69.133011 
1459947801833043 143.59393 69.107947 
1459947801846003 136.45665 69.132177 
1459947801860808 145.85018 69.123227 
1459947801875629 146.63149 69.123961 
1459947801889591 145.74849 69.127402 
1459947801902840 144.6047 69.115306 
1459947801917195 143.72184 69.120117 
1459947801931583 142.11269 69.11911 
1459947801945659 144.52276 69.125781 
1459947801961261 147.17403 69.129718 
1459947801976185 146.18614 69.10858 
