1459947787449084 146 2392064 0 69 1130496 0 0
1459947787465780 149 2395136 2880 69 1130496 0 0
1459947787481587 144 2392896 4800 69 1130496 0 0
1459947787497312 146 2392844 4548 69 1130496 0 0
1459947787513750 149 2395867 7097 69 1130496 0 0
1459947787530726 147 2396653 7390 69 1130496 0 0
1459947787546153 146 2396366 7196 69 1130496 0 0
1459947787561545 147 2397121 7453 69 1130496 0 0
1459947787578042 149 2399876 9570 69 1130496 0 0
1459947787592982 142 2395291 13268 69 1130496 0 0
1459947787607601 146 2395089 12627 69 1130496 0 0
1459947787623036 145 2393875 12974 69 1130496 0 0
1459947787638247 145 2392737 13229 69 1130496 0 0
1459947787653775 146 2392694 12441 69 1130496 0 0
1459947787669913 146 2392654 11699 69 1130496 0 0
1459947787684594 143 2389545 13881 69 1130496 0 0
1459947787700290 146 2389702 13160 69 1130496 0 0
1459947787714807 143 2386777 15078 69 1130496 0 0
1459947787731319 148 2389155 16364 69 1130496 0 0
1459947787746370 143 2386264 18050 69 1130496 0 0
1459947787762028 145 2385602 17541 69 1130496 0 0
1459947787779000 149 2385602 17541 69 1130496 0 1
1459947787792921 139 2378837 22785 69 1130496 0 0
1459947787808420 145 2378639 21544 69 1130496 0 0
1459947787822671 144 2377430 21330 69 1130496 0 0
1459947787838060 145 2377320 20098 69 1130496 0 0
1459947787852660 144 2376193 19897 69 1130496 0 0
1459947787867139 141 2372064 22523 69 1130496 0 0
1459947787882685 149 2372064 22523 69 1130496 0 1
1459947787897964 144 2371266 21863 69 1130496 0 0
1459947787912087 139 2365397 25997 69 1130496 0 0
1459947787926199 139 2359895 29529 69 1130496 0 0
1459947787940857 142 2357809 29638 69 1130496 0 0
1459947787956138 144 2357901 27872 69 1130496 0 0
1459947787968753 134 2347748 35648 69 1130496 0 0
1459947787983683 150 2347748 35648 69 1130496 0 1
1459947787999161 145 2349493 35056 69 1130496 0 0
1459947788014065 143 2349081 33250 69 1130496 0 0
1459947788030145 149 2354839 36569 69 1130496 0 0
1459947788045246 145 2356141 35504 69 1130496 0 0
1459947788061718 150 2362482 39229 69 1130496 0 0
1459947788077852 143 2361258 37923 69 1130496 0 0
1459947788093589 147 2364207 38317 69 1130496 0 0
1459947788108957 145 2364924 36594 69 1130496 0 0
1459947788124562 147 2367644 36856 69 1130496 0 0
1459947788141600 147 2370194 36942 69 1130496 0 0
1459947788155189 138 2363368 41031 69 1130496 0 0
1459947788169040 143 2362089 39664 69 1130496 0 0
1459947788183505 140 2357818 41188 69 1130496 0 0
1459947788197839 138 2351766 44286 69 1130496 0 0
1459947788212701 143 2351212 42036 69 1130496 0 0
1459947788228365 146 2353765 41801 69 1130496 0 0
1459947788242899 146 2356158 41432 69 1130496 0 0
1459947788257020 140 2352258 42498 69 1130496 0 0
1459947788272713 148 2356793 44093 69 1130496 0 0
1459947788286852 145 2357973 42443 69 1130496 0 0
1459947788302725 148 2362151 43707 69 1130496 0 0
1459947788317894 144 2361972 41142 69 1130496 0 0
1459947788332279 143 2360780 39686 69 1130496 0 0
1459947788348762 149 2365807 41918 69 1130496 0 0
1459947788362410 138 2359256 45439 69 1130496 0 0
1459947788377379 149 2364378 47401 69 1130496 0 0
1459947788392508 145 2365084 45100 69 1130496 0 0
1459947788406461 139 2359602 47420 69 1130496 0 0
1459947788421340 146 2361630 46358 69 1130496 0 0
1459947788436998 142 2359436 45516 69 1130496 0 0
1459947788452689 148 2363523 46502 69 1130496 0 0
1459947788467743 144 2363258 43842 69 1130496 0 0
1459947788481817 138 2356866 47093 69 1130496 0 0
1459947788496842 142 2354969 45926 69 1130496 0 0
1459947788511886 143 2354215 43761 69 1130496 0 0
1459947788528246 148 2358628 45162 69 1130496 0 0
1459947788544334 147 2361741 45258 69 1130496 0 0
1459947788557815 141 2358516 45452 69 1130496 0 0
1459947788573502 148 2362660 46496 69 1130496 0 0
1459947788589474 147 2365521 46272 69 1130496 0 0
1459947788603776 145 2366155 43975 69 1130496 0 0
1459947788618330 141 2362654 44507 69 1130496 0 0
1459947788632385 142 2360396 43841 69 1130496 0 0
1459947788647964 147 2363399 43915 69 1130496 0 0
1459947788663000 144 2363142 41410 69 1130496 0 0
1459947788678791 149 2368021 43395 69 1130496 0 0
1459947788693767 144 2367475 41193 69 1130496 0 0
1459947788706976 138 2360819 44857 69 1130496 0 0
1459947788720986 140 2356627 45982 69 1130496 0 0
1459947788737121 146 2358841 45184 69 1130496 0 0
1459947788753018 147 2361941 45266 69 1130496 0 0
1459947788768504 145 2362799 43241 69 1130496 0 0
1459947788784507 146 2364628 42252 69 1130496 0 0
1459947788799511 146 2366342 41218 69 1130496 0 0
1459947788814103 141 2362829 41933 69 1130496 0 0
1459947788827166 139 2357488 44319 69 1130496 0 0
1459947788840683 140 2353505 45283 69 1130496 0 0
1459947788856705 147 2356938 45671 69 1130496 0 0
1459947788872125 145 2358109 43914 69 1130496 0 0
1459947788887717 144 2358183 41238 69 1130496 0 0
1459947788902355 147 2361324 41605 69 1130496 0 0
1459947788917806 145 2362221 39845 69 1130496 0 0
1459947788932467 146 2364086 39102 69 1130496 0 0
1459947788947679 143 2362762 37898 69 1130496 0 0
1459947788963134 145 2363569 36285 69 1130496 0 0
1459947788979342 148 2367397 37606 69 1130496 0 0
1459947788994485 144 2366890 35729 69 1130496 0 0
1459947789009999 148 2370511 36890 69 1130496 0 0
1459947789023571 142 2367762 37161 69 1130496 0 0
1459947789038087 142 2365184 37254 69 1130496 0 0
1459947789053459 148 2368912 38420 69 1130496 0 0
1459947789069300 148 2372407 39294 69 1130496 0 0
1459947789083823 146 2373635 37989 69 1130496 0 0
1459947789098931 144 2372738 36454 69 1130496 0 0
1459947789112967 142 2369849 36882 69 1130496 0 0
1459947789127400 142 2367141 37114 69 1130496 0 0
1459947789141644 143 2365626 36213 69 1130496 0 0
1459947789155407 143 2364206 35279 69 1130496 0 0
1459947789169452 142 2361851 35281 69 1130496 0 0
1459947789183546 145 2362715 33885 69 1130496 0 0
1459947789198689 147 2365573 34446 69 1130496 0 0
1459947789214513 147 2368252 34805 69 1130496 0 0
1459947789229792 147 2370764 34984 69 1130496 0 0
1459947789244224 142 2367999 35388 69 1130496 0 0
1459947789259296 148 2371551 36506 69 1130496 0 0
1459947789275206 148 2374881 37345 69 1130496 0 0
1459947789290415 148 2378002 37936 69 1130496 0 0
1459947789304907 143 2375808 37621 69 1130496 0 0
1459947789319169 139 2369656 41036 69 1130496 0 0
1459947789334710 146 2371056 39784 69 1130496 0 0
1459947789350198 145 2371345 37567 69 1130496 0 0
1459947789366237 148 2374687 38353 69 1130496 0 0
1459947789382108 145 2374749 36013 69 1130496 0 0
1459947789396707 145 2374807 33816 69 1130496 0 0
1459947789411750 146 2375885 32713 69 1130496 0 0
1459947789426001 145 2375872 30680 69 1130496 0 0
1459947789441259 149 2379956 32590 69 1130496 0 0
1459947789455131 140 2374568 35603 69 1130496 0 0
1459947789469355 145 2374637 33442 69 1130496 0 0
1459947789484831 148 2377774 34292 69 1130496 0 0
1459947789499240 140 2372523 37070 69 1130496 0 0
1459947789513114 143 2370672 36488 69 1130496 0 0
1459947789527281 139 2364841 39673 69 1130496 0 0
1459947789541685 146 2366542 38788 69 1130496 0 0
1459947789556143 142 2364041 38707 69 1130496 0 0
1459947789571862 147 2366816 38889 69 1130496 0 0
1459947789586450 142 2364298 38818 69 1130496 0 0
1459947789602354 148 2368081 39937 69 1130496 0 0
1459947789616347 141 2364459 40834 69 1130496 0 0
1459947789630796 146 2366184 39898 69 1130496 0 0
1459947789645607 145 2366777 37960 69 1130496 0 0
1459947789660167 146 2368357 37068 69 1130496 0 0
1459947789673967 144 2367790 35281 69 1130496 0 0
1459947789688383 146 2369307 34497 69 1130496 0 0
1459947789701885 142 2366633 34846 69 1130496 0 0
1459947789714236 134 2355934 42697 69 1130496 0 0
1459947789727305 134 2345904 49431 69 1130496 0 0
1459947789738189 129 2331381 59956 69 1130496 0 0
1459947789753229 146 2335173 59763 69 1130496 0 0
1459947789769240 148 2340776 61280 69 1130496 0 0
1459947789784756 146 2343981 60455 69 1130496 0 0
1459947789799463 143 2343914 56738 69 1130496 0 0
1459947789815265 145 2345899 55052 69 1130496 0 0
1459947789829859 144 2346736 52396 69 1130496 0 0
1459947789845088 147 2350593 52736 69 1130496 0 0
1459947789860157 147 2354208 52830 69 1130496 0 0
1459947789875996 149 2359646 54626 69 1130496 0 0
1459947789890889 143 2358600 52191 69 1130496 0 0
1459947789905877 145 2359667 49929 69 1130496 0 0
1459947789921263 148 2363739 50626 69 1130496 0 0
1459947789935999 142 2361413 49641 69 1130496 0 0
1459947789950751 145 2362304 47374 69 1130496 0 0
1459947789965115 143 2361092 45549 69 1130496 0 0
1459947789980536 146 2363027 44516 69 1130496 0 0
1459947789996090 149 2367913 46314 69 1130496 0 0
1459947790010465 144 2367374 43923 69 1130496 0 0
1459947790025985 149 2371989 45503 69 1130496 0 0
1459947790041129 146 2373243 43835 69 1130496 0 0
1459947790055406 144 2372371 41912 69 1130496 0 0
1459947790070235 148 2375649 42365 69 1130496 0 0
1459947790084483 143 2373602 41635 69 1130496 0 0
1459947790098917 145 2373731 39153 69 1130496 0 0
1459947790113739 146 2374876 37779 69 1130496 0 0
1459947790128272 146 2375950 36424 69 1130496 0 0
1459947790143328 145 2375933 34162 69 1130496 0 0
1459947790157395 143 2373869 33960 69 1130496 0 0
1459947790171237 141 2369886 35570 69 1130496 0 0
1459947790184927 142 2367176 35886 69 1130496 0 0
1459947790199258 143 2365659 35064 69 1130496 0 0
1459947790214819 145 2366285 33459 69 1130496 0 0
1459947790230407 147 2368920 33837 69 1130496 0 0
1459947790245466 146 2370366 33078 69 1130496 0 0
1459947790260150 146 2371722 32281 69 1130496 0 0
1459947790275037 147 2374017 32414 69 1130496 0 0
1459947790289812 146 2375144 31445 69 1130496 0 0
1459947790304859 146 2376201 30470 69 1130496 0 0
1459947790320143 146 2377192 29494 69 1130496 0 0
1459947790335683 146 2378121 28521 69 1130496 0 0
1459947790351460 146 2378992 27555 69 1130496 0 0
1459947790366157 143 2376737 27946 69 1130496 0 0
1459947790381035 146 2377694 27097 69 1130496 0 0
1459947790395915 146 2378592 26245 69 1130496 0 0
1459947790410992 147 2380458 26353 69 1130496 0 0
1459947790425276 144 2379135 25944 69 1130496 0 0
1459947790440257 145 2378919 24524 69 1130496 0 0
1459947790455030 144 2377692 24140 69 1130496 0 0
1459947790469493 143 2375518 24668 69 1130496 0 0
1459947790485719 146 2376552 24095 69 1130496 0 0
1459947790501408 145 2376497 22640 69 1130496 0 0
1459947790516404 145 2376445 21272 69 1130496 0 0
1459947790530340 143 2374349 21906 69 1130496 0 0
1459947790545016 142 2371360 23338 69 1130496 0 0
1459947790560278 146 2372654 23092 69 1130496 0 0
1459947790573836 140 2367723 26270 69 1130496 0 0
1459947790589299 146 2369244 26054 69 1130496 0 0
1459947790604095 145 2369646 24802 69 1130496 0 0
1459947790619044 144 2368999 23857 69 1130496 0 0
1459947790633948 141 2365320 25813 69 1130496 0 0
1459947790649280 147 2368015 26726 69 1130496 0 0
1459947790663747 146 2369518 26464 69 1130496 0 0
1459947790678312 147 2371951 27091 69 1130496 0 0
1459947790692911 142 2369112 28058 69 1130496 0 0
1459947790706986 146 2370546 27648 69 1130496 0 0
1459947790721668 146 2371890 27180 69 1130496 0 0
1459947790738007 148 2375198 28583 69 1130496 0 0
1459947790753798 144 2374204 27727 69 1130496 0 0
1459947790769778 145 2374296 26080 69 1130496 0 0
1459947790785663 148 2377454 27411 69 1130496 0 0
1459947790800826 148 2380415 28473 69 1130496 0 0
1459947790816620 148 2383191 29295 69 1130496 0 0
1459947790832391 148 2385793 29903 69 1130496 0 0
1459947790848088 148 2388232 30321 69 1130496 0 0
1459947790862893 145 2387447 29160 69 1130496 0 0
1459947790877648 146 2387735 27607 69 1130496 0 0
1459947790892021 142 2383909 29467 69 1130496 0 0
1459947790906771 146 2384418 28102 69 1130496 0 0
1459947790921525 145 2383871 26856 69 1130496 0 0
1459947790936911 146 2384383 25657 69 1130496 0 0
1459947790952420 146 2384863 24503 69 1130496 0 0
1459947790967994 146 2385313 23392 69 1130496 0 0
1459947790983536 147 2386758 23285 69 1130496 0 0
1459947790998454 144 2385041 23438 69 1130496 0 0
1459947791014868 147 2386503 23344 69 1130496 0 0
1459947791029450 145 2385826 22519 69 1130496 0 0
1459947791044344 145 2385191 21705 69 1130496 0 0
1459947791057952 140 2379476 25705 69 1130496 0 0
1459947791066927 137 2371046 32000 69 1130496 0 0
1459947791082658 146 2372359 31231 69 1130496 0 0
1459947791097380 147 2374614 31393 69 1130496 0 0
1459947791111444 140 2369560 34167 69 1130496 0 0
1459947791126162 144 2368918 32632 69 1130496 0 0
1459947791140877 145 2369340 30988 69 1130496 0 0
1459947791154556 140 2364616 33479 69 1130496 0 0
1459947791168772 140 2360187 35537 69 1130496 0 0
1459947791183443 146 2362179 35182 69 1130496 0 0
1459947791197620 145 2363022 33774 69 1130496 0 0
1459947791213401 147 2365861 34324 69 1130496 0 0
1459947791227838 144 2365450 32562 69 1130496 0 0
1459947791241928 143 2364041 31846 69 1130496 0 0
1459947791258178 147 2366816 32457 69 1130496 0 0
1459947791273984 150 2372490 35747 69 1130496 0 0
1459947791288819 144 2371665 34285 69 1130496 0 0
1459947791303428 147 2373963 34297 69 1130496 0 0
1459947791318444 148 2377142 35133 69 1130496 0 0
1459947791333591 144 2376026 33982 69 1130496 0 0
1459947791348099 145 2376004 31878 69 1130496 0 0
1459947791362858 144 2374959 30863 69 1130496 0 0
1459947791378077 147 2377052 30896 69 1130496 0 0
1459947791391981 137 2368774 36725 69 1130496 0 0
1459947791407358 145 2369205 34833 69 1130496 0 0
1459947791421295 141 2365513 36115 69 1130496 0 0
1459947791435588 139 2360004 39021 69 1130496 0 0
1459947791450969 146 2362007 38460 69 1130496 0 0
1459947791466160 141 2358765 39094 69 1130496 0 0
1459947791480596 143 2357774 37578 69 1130496 0 0
1459947791494972 142 2355821 37059 69 1130496 0 0
1459947791510203 144 2356038 34945 69 1130496 0 0
1459947791525484 147 2359313 35830 69 1130496 0 0
1459947791540069 141 2356239 36470 69 1130496 0 0
1459947791555360 146 2358478 36289 69 1130496 0 0
1459947791569983 145 2359553 35027 69 1130496 0 0
1459947791584608 145 2360560 33782 69 1130496 0 0
1459947791600350 146 2362529 33515 69 1130496 0 0
1459947791615631 142 2360278 33529 69 1130496 0 0
1459947791630926 146 2362264 33295 69 1130496 0 0
1459947791645945 146 2364126 32960 69 1130496 0 0
1459947791660996 146 2365872 32537 69 1130496 0 0
1459947791675515 145 2366485 31077 69 1130496 0 0
1459947791689442 140 2361939 33395 69 1130496 0 0
1459947791702758 143 2360749 32421 69 1130496 0 0
1459947791718460 150 2360749 32421 69 1130496 0 1
1459947791733919 148 2364754 34148 69 1130496 0 0
1459947791747633 142 2362364 34252 69 1130496 0 0
1459947791763506 149 2367292 36731 69 1130496 0 0
1459947791779417 146 2368840 35886 69 1130496 0 0
1459947791794503 146 2370291 35003 69 1130496 0 0
1459947791809634 145 2370627 33130 69 1130496 0 0
1459947791823451 143 2368894 32682 69 1130496 0 0
1459947791838550 147 2371366 32956 69 1130496 0 0
1459947791854168 147 2373683 33068 69 1130496 0 0
1459947791869281 143 2371759 32803 69 1130496 0 0
1459947791883534 143 2369956 32442 69 1130496 0 0
1459947791898522 146 2371337 31709 69 1130496 0 0
1459947791913826 148 2374680 32861 69 1130496 0 0
1459947791928980 146 2375766 31825 69 1130496 0 0
1459947791943697 141 2371664 33680 69 1130496 0 0
1459947791958741 146 2372939 32770 69 1130496 0 0
1459947791973826 149 2377206 34721 69 1130496 0 0
1459947791989028 146 2378134 33420 69 1130496 0 0
1459947792000838 135 2367740 41074 69 1130496 0 0
1459947792016762 149 2372332 42811 69 1130496 0 0
1459947792031736 145 2372541 40331 69 1130496 0 0
1459947792047147 148 2375809 40873 69 1130496 0 0
1459947792060917 145 2375800 38325 69 1130496 0 0
1459947792076424 147 2377840 37842 69 1130496 0 0
1459947792091674 148 2380777 38229 69 1130496 0 0
1459947792107379 148 2383530 38420 69 1130496 0 0
1459947792122435 145 2383039 36477 69 1130496 0 0
1459947792138220 145 2382579 34628 69 1130496 0 0
1459947792152708 145 2382147 32867 69 1130496 0 0
1459947792168300 145 2381742 31190 69 1130496 0 0
1459947792183773 145 2381363 29595 69 1130496 0 0
1459947792197385 141 2376911 31917 69 1130496 0 0
1459947792211589 140 2371714 34794 69 1130496 0 0
1459947792226514 145 2371961 32851 69 1130496 0 0
1459947792241577 146 2373217 31974 69 1130496 0 0
1459947792256969 145 2373370 30119 69 1130496 0 0
1459947792271787 143 2371466 30020 69 1130496 0 0
1459947792288415 150 2376849 33189 69 1130496 0 0
1459947792303063 145 2376775 31182 69 1130496 0 0
1459947792318742 146 2377730 30128 69 1130496 0 0
1459947792333694 147 2379649 30044 69 1130496 0 0
1459947792347884 142 2376328 31278 69 1130496 0 0
1459947792363889 147 2378335 31205 69 1130496 0 0
1459947792377981 144 2377145 30369 69 1130496 0 0
1459947792392741 144 2376029 29515 69 1130496 0 0
1459947792406389 142 2372935 30570 69 1130496 0 0
1459947792421114 142 2370034 31378 69 1130496 0 0
1459947792436886 147 2372434 31666 69 1130496 0 0
1459947792452176 146 2373660 30836 69 1130496 0 0
1459947792465283 139 2367642 34549 69 1130496 0 0
1459947792480368 144 2367120 32878 69 1130496 0 0
1459947792495713 148 2370727 34204 69 1130496 0 0
1459947792510052 143 2368988 33695 69 1130496 0 0
1459947792523798 143 2367358 33116 69 1130496 0 0
1459947792538648 145 2367878 31533 69 1130496 0 0
1459947792554348 149 2372461 33859 69 1130496 0 0
1459947792568256 141 2368566 35393 69 1130496 0 0
1459947792582288 142 2365938 35643 69 1130496 0 0
1459947792596013 139 2360402 38604 69 1130496 0 0
1459947792610110 140 2356236 40095 69 1130496 0 0
1459947792624624 145 2357451 38728 69 1130496 0 0
1459947792639410 144 2357566 36415 69 1130496 0 0
1459947792654134 142 2355626 35957 69 1130496 0 0
1459947792668866 143 2354831 34453 69 1130496 0 0
1459947792684224 146 2357158 34480 69 1130496 0 0
1459947792699937 148 2361387 36290 69 1130496 0 0
1459947792714733 143 2360232 35103 69 1130496 0 0
1459947792730512 147 2363245 35734 69 1130496 0 0
1459947792745017 142 2360950 35651 69 1130496 0 0
1459947792760836 144 2360846 33518 69 1130496 0 0
1459947792776882 147 2363821 34212 69 1130496 0 0
1459947792792831 147 2366610 34687 69 1130496 0 0
1459947792808147 144 2366152 32947 69 1130496 0 0
1459947792823098 146 2367771 32405 69 1130496 0 0
1459947792838574 146 2369289 31802 69 1130496 0 0
1459947792854975 147 2371736 32108 69 1130496 0 0
1459947792870371 146 2373006 31292 69 1130496 0 0
1459947792886263 146 2374197 30452 69 1130496 0 0
1459947792901631 144 2373265 29421 69 1130496 0 0
1459947792917022 145 2373415 27723 69 1130496 0 0
1459947792932628 142 2370484 28737 69 1130496 0 0
1459947792948905 147 2372856 29164 69 1130496 0 0
1459947792963274 141 2368936 31015 69 1130496 0 0
1459947792977425 138 2362189 35400 69 1130496 0 0
1459947792992445 142 2359960 35276 69 1130496 0 0
1459947793009017 147 2362990 35912 69 1130496 0 0
1459947793024213 142 2360711 35803 69 1130496 0 0
1459947793039278 144 2360622 33647 69 1130496 0 0
1459947793054910 146 2362587 33386 69 1130496 0 0
1459947793071512 147 2365453 33986 69 1130496 0 0
1459947793087590 148 2369164 35340 69 1130496 0 0
1459947793103245 145 2369571 33512 69 1130496 0 0
1459947793117793 144 2368928 32019 69 1130496 0 0
1459947793132533 144 2368326 30581 69 1130496 0 0
1459947793147792 148 2371857 31979 69 1130496 0 0
1459947793162578 144 2371071 30715 69 1130496 0 0
1459947793177929 145 2371359 29065 69 1130496 0 0
1459947793193874 148 2374701 30381 69 1130496 0 0
1459947793209602 147 2376810 30459 69 1130496 0 0
1459947793224925 145 2376739 28621 69 1130496 0 0
1459947793241328 145 2376672 26894 69 1130496 0 0
1459947793257916 147 2378658 27074 69 1130496 0 0
1459947793273234 146 2379495 26166 69 1130496 0 0
1459947793288659 147 2381304 26226 69 1130496 0 0
1459947793304412 147 2383000 26176 69 1130496 0 0
1459947793319980 148 2385614 26991 69 1130496 0 0
1459947793334519 142 2381921 28766 69 1130496 0 0
1459947793349005 144 2380506 28293 69 1130496 0 0
1459947793363968 144 2379180 27766 69 1130496 0 0
1459947793377987 142 2375889 29115 69 1130496 0 0
1459947793393042 142 2372803 30187 69 1130496 0 0
1459947793408120 145 2372982 28468 69 1130496 0 0
1459947793421719 135 2362910 36129 69 1130496 0 0
1459947793436886 143 2361660 35041 69 1130496 0 0
1459947793449551 135 2352296 41628 69 1130496 0 0
1459947793464313 146 2354781 41356 69 1130496 0 0
1459947793478275 139 2349943 43306 69 1130496 0 0
1459947793493447 147 2353599 44027 69 1130496 0 0
1459947793507452 141 2350883 43821 69 1130496 0 0
1459947793522387 143 2350384 41549 69 1130496 0 0
1459947793536514 141 2347869 41309 69 1130496 0 0
1459947793550515 142 2346535 39977 69 1130496 0 0
1459947793564308 141 2344260 39610 69 1130496 0 0
1459947793579395 147 2348271 40895 69 1130496 0 0
1459947793594465 147 2352032 41865 69 1130496 0 0
1459947793608582 144 2352486 39673 69 1130496 0 0
1459947793623345 143 2351887 37753 69 1130496 0 0
1459947793638148 145 2353374 36787 69 1130496 0 0
1459947793653505 146 2355792 36754 69 1130496 0 0
1459947793668393 143 2354987 35210 69 1130496 0 0
1459947793683729 142 2353208 34676 69 1130496 0 0
1459947793698657 142 2351540 34071 69 1130496 0 0
1459947793712936 145 2353048 33355 69 1130496 0 0
1459947793728778 147 2356510 34516 69 1130496 0 0
1459947793743672 145 2357708 33481 69 1130496 0 0
1459947793757813 142 2355759 33214 69 1130496 0 0
1459947793772846 144 2355980 31345 69 1130496 0 0
1459947793788623 148 2360283 33419 69 1130496 0 0
1459947793803142 144 2360221 31387 69 1130496 0 0
1459947793817765 144 2360163 29479 69 1130496 0 0
1459947793832546 146 2362156 29505 69 1130496 0 0
1459947793847018 144 2361977 27827 69 1130496 0 0
1459947793860828 145 2362833 26889 69 1130496 0 0
1459947793874692 144 2362611 25415 69 1130496 0 0
1459947793887984 141 2359331 26900 69 1130496 0 0
1459947793903290 147 2362400 28096 69 1130496 0 0
1459947793917164 142 2360158 28441 69 1130496 0 0
1459947793932737 146 2362152 28532 69 1130496 0 0
1459947793946355 140 2357877 30755 69 1130496 0 0
1459947793960482 142 2355917 30668 69 1130496 0 0
1459947793974032 145 2357152 29909 69 1130496 0 0
1459947793988352 141 2354214 30793 69 1130496 0 0
1459947794003487 145 2355555 30125 69 1130496 0 0
1459947794017521 145 2356812 29421 69 1130496 0 0
1459947794031554 144 2356967 27727 69 1130496 0 0
1459947794044971 142 2355064 27777 69 1130496 0 0
1459947794060171 147 2358400 29168 69 1130496 0 0
1459947794073851 141 2355384 30172 69 1130496 0 0
1459947794088404 145 2356652 29475 69 1130496 0 0
1459947794102288 143 2355793 28437 69 1130496 0 0
1459947794116610 146 2358059 28784 69 1130496 0 0
1459947794131023 144 2358136 27057 69 1130496 0 0
1459947794144747 142 2356160 27217 69 1130496 0 0
1459947794158920 143 2355332 26291 69 1130496 0 0
1459947794173670 145 2356603 25839 69 1130496 0 0
1459947794187999 145 2357795 25341 69 1130496 0 0
1459947794202042 145 2358912 24805 69 1130496 0 0
1459947794216090 142 2356888 25151 69 1130496 0 0
1459947794231379 146 2359086 25640 69 1130496 0 0
1459947794245989 145 2360123 25009 69 1130496 0 0
1459947794261743 146 2362119 25316 69 1130496 0 0
1459947794276313 143 2360918 24858 69 1130496 0 0
1459947794290922 146 2362864 25129 69 1130496 0 0
1459947794306620 147 2365713 26228 69 1130496 0 0
1459947794321759 144 2365311 24963 69 1130496 0 0
1459947794334452 129 2349575 38154 69 1130496 0 0
1459947794349066 141 2347110 38079 69 1130496 0 0
1459947794363044 144 2347871 36413 69 1130496 0 0
1459947794376871 142 2346537 35387 69 1130496 0 0
1459947794390600 142 2345286 34347 69 1130496 0 0
1459947794404583 144 2346161 33020 69 1130496 0 0
1459947794418487 142 2344933 32106 69 1130496 0 0
1459947794432920 145 2346854 31900 69 1130496 0 0
1459947794447381 144 2347631 30635 69 1130496 0 0
1459947794462074 144 2348360 29403 69 1130496 0 0
1459947794476123 142 2346995 28844 69 1130496 0 0
1459947794490025 142 2345715 28240 69 1130496 0 0
1459947794505114 148 2350659 31110 69 1130496 0 0
1459947794520957 145 2352222 30631 69 1130496 0 0
1459947794536075 146 2354712 31050 69 1130496 0 0
1459947794550733 143 2353974 29800 69 1130496 0 0
1459947794565717 144 2354306 28248 69 1130496 0 0
1459947794580129 140 2350521 30029 69 1130496 0 0
1459947794595847 147 2354141 31546 69 1130496 0 0
1459947794611244 143 2353439 30231 69 1130496 0 0
1459947794627504 146 2355853 30604 69 1130496 0 0
1459947794642679 146 2358116 30812 69 1130496 0 0
1459947794657531 142 2356141 30736 69 1130496 0 0
1459947794671565 144 2356338 28999 69 1130496 0 0
