1459947780015934 145 2375680 0 69 1130496 0 0
1459947780030633 142 2372608 2880 69 1130496 0 0
1459947780045498 146 2373824 3840 69 1130496 0 0
1459947780059552 141 2369844 7331 69 1130496 0 0
1459947780075635 148 2373280 10094 69 1130496 0 0
1459947780090737 148 2376502 12483 69 1130496 0 0
1459947780105702 146 2377474 12613 69 1130496 0 0
1459947780119670 141 2373265 15769 69 1130496 0 0
1459947780134446 143 2371367 16561 69 1130496 0 0
1459947780149843 147 2373684 17697 69 1130496 0 0
1459947780165520 148 2376880 19587 69 1130496 0 0
1459947780181077 144 2375781 19392 69 1130496 0 0
1459947780197097 146 2376798 19134 69 1130496 0 0
1459947780212402 144 2375704 18963 69 1130496 0 0
1459947780228474 146 2376726 18735 69 1130496 0 0
1459947780245300 149 2380756 21342 69 1130496 0 0
1459947780261691 147 2382486 21630 69 1130496 0 0
1459947780278033 148 2385132 22759 69 1130496 0 0
1459947780294170 147 2386589 22702 69 1130496 0 0
1459947780309360 144 2384883 22882 69 1130496 0 0
1459947780324452 144 2383283 22950 69 1130496 0 0
1459947780339558 143 2380759 23880 69 1130496 0 0
1459947780355031 146 2381465 23049 69 1130496 0 0
1459947780370219 145 2381103 21946 69 1130496 0 0
1459947780385995 146 2381788 21216 69 1130496 0 0
1459947780401471 147 2383454 21452 69 1130496 0 0
1459947780414721 136 2373752 29206 69 1130496 0 0
1459947780430104 147 2375920 29413 69 1130496 0 0
1459947780445201 145 2375905 27588 69 1130496 0 0
1459947780459465 141 2371794 29716 69 1130496 0 0
1459947780473753 144 2371012 28590 69 1130496 0 0
1459947780488722 146 2372327 28036 69 1130496 0 0
1459947780501558 130 2357176 40486 69 1130496 0 0
1459947780515770 141 2354236 40710 69 1130496 0 0
1459947780529293 137 2347384 44588 69 1130496 0 0
1459947780544443 145 2349152 43459 69 1130496 0 0
1459947780559158 145 2350810 42296 69 1130496 0 0
1459947780574357 145 2352364 41109 69 1130496 0 0
1459947780589370 146 2354845 40865 69 1130496 0 0
1459947780604376 144 2355123 38570 69 1130496 0 0
1459947780619031 145 2356407 37363 69 1130496 0 0
1459947780632856 142 2354539 36777 69 1130496 0 0
1459947780647455 144 2354836 34756 69 1130496 0 0
1459947780660618 137 2347946 39041 69 1130496 0 0
1459947780674893 143 2347631 36894 69 1130496 0 0
1459947780690619 148 2352456 39111 69 1130496 0 0
1459947780706245 147 2355955 39946 69 1130496 0 0
1459947780720445 142 2354115 39173 69 1130496 0 0
1459947780735791 144 2354438 37027 69 1130496 0 0
1459947780751645 147 2357813 37876 69 1130496 0 0
1459947780766792 145 2358929 36554 69 1130496 0 0
1459947780781978 146 2360999 36210 69 1130496 0 0
1459947780797815 147 2363964 36726 69 1130496 0 0
1459947780813302 144 2363672 34703 69 1130496 0 0
1459947780829147 145 2364422 33237 69 1130496 0 0
1459947780844951 148 2368197 34698 69 1130496 0 0
1459947780858310 138 2361496 38810 69 1130496 0 0
1459947780873922 146 2363406 38175 69 1130496 0 0
1459947780887578 133 2351885 46589 69 1130496 0 0
1459947780902068 145 2353372 45071 69 1130496 0 0
1459947780917553 149 2358862 47401 69 1130496 0 0
1459947780932677 144 2358889 44463 69 1130496 0 0
1459947780948162 146 2360962 43627 69 1130496 0 0
1459947780963430 145 2361881 41762 69 1130496 0 0
1459947780979057 148 2365815 42839 69 1130496 0 0
1459947780995702 148 2369503 43619 69 1130496 0 0
1459947781010591 147 2371937 43173 69 1130496 0 0
1459947781025705 147 2374218 42613 69 1130496 0 0
1459947781040866 145 2374309 40034 69 1130496 0 0
1459947781056527 147 2376442 39531 69 1130496 0 0
1459947781072626 150 2381514 41815 69 1130496 0 0
1459947781087557 148 2384221 41739 69 1130496 0 0
1459947781103360 146 2384711 39589 69 1130496 0 0
1459947781117673 140 2379026 42443 69 1130496 0 0
1459947781132939 144 2377792 40946 69 1130496 0 0
1459947781148175 147 2379708 40182 69 1130496 0 0
1459947781163154 144 2378432 38866 69 1130496 0 0
1459947781177978 144 2377236 37557 69 1130496 0 0
1459947781192698 145 2377138 35300 69 1130496 0 0
1459947781206591 139 2370902 38938 69 1130496 0 0
1459947781222850 147 2373248 38704 69 1130496 0 0
1459947781238092 145 2373400 36427 69 1130496 0 0
1459947781254035 148 2376614 37163 69 1130496 0 0
1459947781268415 143 2374507 36814 69 1130496 0 0
1459947781284723 147 2376628 36501 69 1130496 0 0
1459947781301626 150 2381688 38963 69 1130496 0 0
1459947781316282 146 2382336 37135 69 1130496 0 0
1459947781332147 147 2383968 36344 69 1130496 0 0
1459947781348431 149 2387546 37426 69 1130496 0 0
1459947781364772 147 2388852 36310 69 1130496 0 0
1459947781378181 137 2379836 42491 69 1130496 0 0
1459947781393581 146 2380600 40551 69 1130496 0 0
1459947781409584 148 2383364 40607 69 1130496 0 0
1459947781424324 146 2383907 38578 69 1130496 0 0
1459947781439544 146 2384416 36644 69 1130496 0 0
1459947781454896 143 2381822 36784 69 1130496 0 0
1459947781470619 148 2384510 37005 69 1130496 0 0
1459947781486677 148 2387030 37054 69 1130496 0 0
1459947781503287 150 2391440 38873 69 1130496 0 0
1459947781518750 148 2393527 38399 69 1130496 0 0
1459947781534033 145 2392411 37044 69 1130496 0 0
1459947781548996 142 2388293 38588 69 1130496 0 0
1459947781564111 146 2388528 36397 69 1130496 0 0
1459947781578788 142 2384653 37754 69 1130496 0 0
1459947781593585 144 2383068 36879 69 1130496 0 0
1459947781609537 148 2385678 37021 69 1130496 0 0
1459947781623934 139 2378909 41052 69 1130496 0 0
1459947781639612 148 2381779 41176 69 1130496 0 0
1459947781654765 145 2381397 38959 69 1130496 0 0
1459947781668933 144 2380015 37818 69 1130496 0 0
1459947781683743 144 2378720 36668 69 1130496 0 0
1459947781698196 144 2377506 35514 69 1130496 0 0
1459947781712624 148 2380463 36067 69 1130496 0 0
1459947781728334 147 2382212 35451 69 1130496 0 0
1459947781742824 144 2380779 34577 69 1130496 0 0
1459947781757856 147 2382508 34036 69 1130496 0 0
1459947781772891 141 2377985 36148 69 1130496 0 0
1459947781788005 146 2378864 34713 69 1130496 0 0
1459947781836399 144 2377641 33689 69 1130496 0 0
1459947781852131 145 2377518 31697 69 1130496 0 0
1459947781868528 148 2380475 32487 69 1130496 0 0
1459947781882723 141 2376079 34576 69 1130496 0 0
1459947781898412 149 2380150 36231 69 1130496 0 0
1459947781914210 145 2379870 34227 69 1130496 0 0
1459947781930048 149 2383704 35681 69 1130496 0 0
1459947781944191 141 2379106 37760 69 1130496 0 0
1459947781958774 139 2372747 41360 69 1130496 0 0
1459947781973072 146 2373954 39906 69 1130496 0 0
1459947781987900 139 2367917 43069 69 1130496 0 0
1459947782002896 146 2369426 41791 69 1130496 0 0
1459947782017950 144 2368792 39772 69 1130496 0 0
1459947782032912 144 2368198 37842 69 1130496 0 0
1459947782048151 142 2365593 37917 69 1130496 0 0
1459947782063258 145 2366223 36138 69 1130496 0 0
1459947782078596 145 2366814 34433 69 1130496 0 0
1459947782093256 146 2368392 33759 69 1130496 0 0
1459947782108176 144 2367823 32181 69 1130496 0 0
1459947782122776 147 2370362 32549 69 1130496 0 0
1459947782136461 139 2364550 35962 69 1130496 0 0
1459947782152012 145 2365245 34366 69 1130496 0 0
1459947782167712 147 2367945 34749 69 1130496 0 0
1459947782182842 142 2365356 35003 69 1130496 0 0
1459947782198129 144 2364977 33170 69 1130496 0 0
1459947782211722 139 2359501 36228 69 1130496 0 0
1459947782228347 148 2363584 37791 69 1130496 0 0
1459947782244683 147 2366388 38057 69 1130496 0 0
1459947782261116 146 2367992 37182 69 1130496 0 0
1459947782276195 145 2368472 35308 69 1130496 0 0
1459947782292212 147 2370970 35443 69 1130496 0 0
1459947782307125 144 2370240 33911 69 1130496 0 0
1459947782321411 146 2371604 33069 69 1130496 0 0
1459947782336668 144 2370834 31723 69 1130496 0 0
1459947782353214 149 2375232 33864 69 1130496 0 0
1459947782367728 144 2374236 32680 69 1130496 0 0
1459947782382561 144 2373302 31512 69 1130496 0 0
1459947782397116 142 2370378 32282 69 1130496 0 0
1459947782412113 144 2369685 30913 69 1130496 0 0
1459947782426883 147 2372107 31251 69 1130496 0 0
1459947782442520 144 2371306 30047 69 1130496 0 0
1459947782458278 144 2370555 28872 69 1130496 0 0
1459947782474444 148 2373947 30247 69 1130496 0 0
1459947782489611 143 2372007 30174 69 1130496 0 0
1459947782505158 147 2374284 30423 69 1130496 0 0
1459947782519786 142 2371299 31319 69 1130496 0 0
1459947782535006 144 2370548 30064 69 1130496 0 0
1459947782550153 146 2371892 29445 69 1130496 0 0
1459947782564905 145 2372128 27826 69 1130496 0 0
1459947782580435 144 2371326 26837 69 1130496 0 0
1459947782594183 142 2368526 27783 69 1130496 0 0
1459947782607506 139 2362829 31386 69 1130496 0 0
1459947782621741 144 2362608 29631 69 1130496 0 0
1459947782636970 146 2364449 29504 69 1130496 0 0
1459947782650131 136 2355934 35641 69 1130496 0 0
1459947782665308 145 2357168 34570 69 1130496 0 0
1459947782679808 146 2359349 34453 69 1130496 0 0
1459947782693639 141 2356273 35182 69 1130496 0 0
1459947782707130 138 2350317 38565 69 1130496 0 0
1459947782723304 146 2352926 38600 69 1130496 0 0
1459947782739638 146 2355372 38480 69 1130496 0 0
1459947782755653 147 2358689 39184 69 1130496 0 0
1459947782769676 141 2355654 39579 69 1130496 0 0
1459947782784910 148 2359977 41158 69 1130496 0 0
1459947782799584 143 2358910 39584 69 1130496 0 0
1459947782813495 140 2354838 40927 69 1130496 0 0
1459947782828559 145 2356140 39590 69 1130496 0 0
1459947782843028 146 2358385 39219 69 1130496 0 0
1459947782856893 143 2357417 37673 69 1130496 0 0
1459947782871240 145 2358558 36388 69 1130496 0 0
1459947782885634 143 2357580 35029 69 1130496 0 0
1459947782900896 146 2359735 34859 69 1130496 0 0
1459947782916046 147 2362779 35534 69 1130496 0 0
1459947782930548 141 2359489 36397 69 1130496 0 0
1459947782944999 146 2361524 36030 69 1130496 0 0
1459947782960676 145 2362408 34607 69 1130496 0 0
1459947782975863 144 2362213 32626 69 1130496 0 0
1459947782991876 145 2363054 31375 69 1130496 0 0
1459947783008273 149 2367939 33993 69 1130496 0 0
1459947783023460 145 2368422 32321 69 1130496 0 0
1459947783038770 147 2370923 32645 69 1130496 0 0
1459947783054880 149 2375316 34722 69 1130496 0 0
1459947783069872 144 2374314 33489 69 1130496 0 0
1459947783085428 146 2375423 32435 69 1130496 0 0
1459947783100522 145 2375439 30422 69 1130496 0 0
1459947783114239 145 2375454 28534 69 1130496 0 0
1459947783128547 140 2370348 31536 69 1130496 0 0
1459947783143897 144 2369657 30212 69 1130496 0 0
1459947783158241 140 2364913 32770 69 1130496 0 0
1459947783173533 144 2364561 31050 69 1130496 0 0
1459947783187870 142 2362183 31337 69 1130496 0 0
1459947783201557 144 2362002 29547 69 1130496 0 0
1459947783216278 145 2362856 28501 69 1130496 0 0
1459947783231013 147 2365705 29390 69 1130496 0 0
1459947783244182 136 2357112 35608 69 1130496 0 0
1459947783259067 143 2356224 34214 69 1130496 0 0
1459947783275066 148 2360512 36095 69 1130496 0 0
1459947783290455 144 2360436 33910 69 1130496 0 0
1459947783306290 150 2366508 37483 69 1130496 0 0
1459947783319458 140 2361961 39402 69 1130496 0 0
1459947783335075 147 2364866 39662 69 1130496 0 0
1459947783350533 147 2367589 39736 69 1130496 0 0
1459947783364727 142 2365022 39657 69 1130496 0 0
1459947783378647 139 2359544 42313 69 1130496 0 0
1459947783393058 141 2356456 42562 69 1130496 0 0
1459947783408648 146 2358681 41987 69 1130496 0 0
1459947783423768 142 2356671 41245 69 1130496 0 0
1459947783437736 142 2354787 40433 69 1130496 0 0
1459947783452393 145 2356092 39129 69 1130496 0 0
1459947783466843 142 2354244 38415 69 1130496 0 0
1459947783483524 148 2358655 40150 69 1130496 0 0
1459947783502269 163 2358655 40150 69 1130496 0 1
1459947783520790 161 2358655 40150 69 1130496 0 1
1459947783537531 154 2358655 40150 69 1130496 0 1
1459947783553931 153 2367911 46317 69 1130496 0 0
1459947783571080 158 2367911 46317 69 1130496 0 1
1459947783588434 160 2367911 46317 69 1130496 0 1
1459947783605174 152 2375564 50597 69 1130496 0 0
1459947783621607 156 2386835 58000 69 1130496 0 0
1459947783639177 160 2386835 58000 69 1130496 0 1
1459947783655181 157 2398425 65241 69 1130496 0 0
1459947783672463 158 2410315 72310 69 1130496 0 0
1459947783690281 159 2422486 79200 69 1130496 0 0
1459947783707970 159 2433896 84947 69 1130496 0 0
1459947783721812 143 2428209 84968 69 1130496 0 0
1459947783730115 144 2423901 83694 69 1130496 0 0
1459947783746176 149 2424983 79477 69 1130496 0 0
1459947783763002 157 2434189 83140 69 1130496 0 0
1459947783779557 155 2440772 84114 69 1130496 0 0
1459947783794690 152 2443871 81762 69 1130496 0 0
1459947783810569 150 2444729 77455 69 1130496 0 0
1459947783827663 155 2450653 78168 69 1130496 0 0
1459947783842859 151 2452111 74649 69 1130496 0 0
1459947783857602 150 2452454 70304 69 1130496 0 0
1459947783874277 152 2454823 68131 69 1130496 0 0
1459947783890588 154 2459092 67874 69 1130496 0 0
1459947783907862 157 2466166 70263 69 1130496 0 0
1459947783923932 153 2468702 68249 69 1130496 0 0
1459947783940964 155 2473128 68132 69 1130496 0 0
1459947783957869 155 2477277 67763 69 1130496 0 0
1459947783973043 152 2478095 64294 69 1130496 0 0
1459947783989659 158 2485006 66754 69 1130496 0 0
1459947784006190 157 2490461 67695 69 1130496 0 0
1459947784022833 158 2496599 69218 69 1130496 0 0
1459947784038659 155 2499281 67405 69 1130496 0 0
1459947784057225 163 2509987 73229 69 1130496 0 0
1459947784074904 162 2519000 77102 69 1130496 0 0
1459947784091844 156 2521306 74445 69 1130496 0 0
1459947784108411 157 2524492 72779 69 1130496 0 0
1459947784125702 160 2530551 73910 69 1130496 0 0
1459947784143068 161 2537255 75575 69 1130496 0 0
1459947784159989 157 2539444 72903 69 1130496 0 0
1459947784177922 159 2543544 72190 69 1130496 0 0
1459947784196127 162 2550460 74162 69 1130496 0 0
1459947784213501 159 2553872 72725 69 1130496 0 0
1459947784230933 154 2551951 69979 69 1130496 0 0
1459947784246245 150 2546054 71133 69 1130496 0 0
1459947784262958 151 2541549 70909 69 1130496 0 0
1459947784279660 152 2538350 69475 69 1130496 0 0
1459947784293471 139 2522039 80423 69 1130496 0 0
1459947784309498 152 2520059 77251 69 1130496 0 0
1459947784324523 146 2512059 79921 69 1130496 0 0
1459947784340766 153 2511727 75235 69 1130496 0 0
1459947784354547 139 2497080 84263 69 1130496 0 0
1459947784368267 143 2487444 88029 69 1130496 0 0
1459947784383426 144 2479434 90035 69 1130496 0 0
1459947784398480 144 2471925 91446 69 1130496 0 0
1459947784411463 137 2457717 99049 69 1130496 0 0
1459947784425904 142 2449517 100544 69 1130496 0 0
1459947784441002 143 2442854 100506 69 1130496 0 0
1459947784456260 144 2437631 99119 69 1130496 0 0
1459947784472185 145 2433759 96553 69 1130496 0 0
1459947784486772 143 2428081 95841 69 1130496 0 0
1459947784502119 145 2424805 92920 69 1130496 0 0
1459947784517398 143 2419686 91910 69 1130496 0 0
1459947784532124 148 2420007 86466 69 1130496 0 0
1459947784548118 144 2416212 84618 69 1130496 0 0
1459947784562746 143 2411630 83623 69 1130496 0 0
1459947784577141 145 2409383 80502 69 1130496 0 0
1459947784591745 145 2407276 77444 69 1130496 0 0
1459947784606831 146 2406325 73494 69 1130496 0 0
1459947784621373 142 2401337 73575 69 1130496 0 0
1459947784636092 144 2398709 71439 69 1130496 0 0
1459947784651241 145 2397269 68323 69 1130496 0 0
1459947784665974 145 2395919 65316 69 1130496 0 0
1459947784680564 142 2391582 65298 69 1130496 0 0
1459947784695807 143 2388540 64067 69 1130496 0 0
1459947784710382 143 2385688 62735 69 1130496 0 0
1459947784724440 139 2378918 65160 69 1130496 0 0
1459947784740689 149 2382811 64737 69 1130496 0 0
1459947784756353 143 2380317 63027 69 1130496 0 0
1459947784772175 147 2382075 60735 69 1130496 0 0
1459947784785874 141 2377579 61153 69 1130496 0 0
1459947784800711 143 2375412 59361 69 1130496 0 0
1459947784815968 143 2373380 57554 69 1130496 0 0
1459947784830099 139 2367379 59581 69 1130496 0 0
1459947784844046 137 2359705 63050 69 1130496 0 0
1459947784859225 144 2359679 59132 69 1130496 0 0
1459947784873369 143 2358631 56418 69 1130496 0 0
1459947784889172 146 2360720 54850 69 1130496 0 0
1459947784903954 141 2357559 54384 69 1130496 0 0
1459947784919133 148 2361763 54926 69 1130496 0 0
1459947784933621 139 2356488 56437 69 1130496 0 0
1459947784949139 146 2358711 54993 69 1130496 0 0
1459947784962825 138 2352603 57280 69 1130496 0 0
1459947784978229 145 2354045 55052 69 1130496 0 0
1459947784993641 148 2358469 55758 69 1130496 0 0
1459947785008214 143 2357496 53184 69 1130496 0 0
1459947785021961 138 2351464 55514 69 1130496 0 0
1459947785033451 125 2332497 69825 69 1130496 0 0
1459947785048686 143 2333147 66070 69 1130496 0 0
1459947785064501 149 2339901 68272 69 1130496 0 0
1459947785078449 138 2334969 68628 69 1130496 0 0
1459947785093204 144 2336489 65763 69 1130496 0 0
1459947785107925 144 2337914 62988 69 1130496 0 0
1459947785122237 142 2337202 59718 69 1130496 0 0
1459947785138307 150 2344726 63039 69 1130496 0 0
1459947785153043 143 2344612 59205 69 1130496 0 0
1459947785168409 146 2347577 58284 69 1130496 0 0
1459947785184092 145 2349333 56287 69 1130496 0 0
1459947785199008 143 2348931 53145 69 1130496 0 0
1459947785214818 147 2352650 53310 69 1130496 0 0
1459947785228951 142 2351017 51508 69 1130496 0 0
1459947785246255 150 2357678 54533 69 1130496 0 0
1459947785261484 147 2360851 54098 69 1130496 0 0
1459947785278351 149 2365873 55424 69 1130496 0 0
1459947785293278 144 2365461 52345 69 1130496 0 0
1459947785306461 139 2359955 54234 69 1130496 0 0
1459947785322302 148 2364009 54645 69 1130496 0 0
1459947785338085 148 2367810 54792 69 1130496 0 0
1459947785353903 151 2374445 57588 69 1130496 0 0
1459947785369687 141 2370426 57755 69 1130496 0 0
1459947785385721 148 2373826 57332 69 1130496 0 0
1459947785401034 142 2370869 56519 69 1130496 0 0
1459947785415286 143 2369121 54624 69 1130496 0 0
1459947785430393 148 2372602 54474 69 1130496 0 0
1459947785445191 144 2371770 51848 69 1130496 0 0
1459947785460777 148 2375086 51716 69 1130496 0 0
1459947785475590 145 2375123 48517 69 1130496 0 0
1459947785489279 133 2362869 56971 69 1130496 0 0
1459947785504620 145 2363669 54160 69 1130496 0 0
1459947785520142 144 2363395 51031 69 1130496 0 0
1459947785535260 146 2365186 49520 69 1130496 0 0
1459947785549935 142 2362769 48690 69 1130496 0 0
1459947785566205 149 2367671 50242 69 1130496 0 0
1459947785581267 144 2367147 47591 69 1130496 0 0
1459947785595693 140 2362560 48916 69 1130496 0 0
1459947785609250 138 2356212 51809 69 1130496 0 0
1459947785624566 144 2356404 48750 69 1130496 0 0
1459947785639756 149 2361704 50672 69 1130496 0 0
1459947785655536 145 2362577 48323 69 1130496 0 0
1459947785671919 147 2365443 47989 69 1130496 0 0
1459947785686544 143 2364034 46309 69 1130496 0 0
1459947785701966 145 2364761 44096 69 1130496 0 0
1459947785718601 149 2369539 45819 69 1130496 0 0
1459947785734017 143 2367874 44515 69 1130496 0 0
1459947785749862 145 2368361 42189 69 1130496 0 0
1459947785766159 147 2370866 41900 69 1130496 0 0
1459947785782587 147 2373214 41483 69 1130496 0 0
1459947785797694 144 2372344 39705 69 1130496 0 0
1459947785812197 141 2368456 40867 69 1130496 0 0
1459947785827005 142 2365835 40768 69 1130496 0 0
1459947785842575 144 2365426 38603 69 1130496 0 0
1459947785857708 144 2365042 36549 69 1130496 0 0
1459947785872930 144 2364682 34600 69 1130496 0 0
1459947785887960 145 2365369 33081 69 1130496 0 0
1459947785903278 144 2364989 31368 69 1130496 0 0
1459947785917755 144 2364633 29740 69 1130496 0 0
1459947785932347 144 2364299 28193 69 1130496 0 0
1459947785947853 147 2367058 29016 69 1130496 0 0
1459947785963510 146 2368620 28667 69 1130496 0 0
1459947785978301 143 2367013 28381 69 1130496 0 0
1459947785993878 148 2370626 29994 69 1130496 0 0
1459947786010511 147 2372989 30335 69 1130496 0 0
1459947786026782 148 2376229 31476 69 1130496 0 0
1459947786042480 146 2377218 30435 69 1130496 0 0
1459947786059512 149 2381217 32281 69 1130496 0 0
1459947786075296 146 2381894 30898 69 1130496 0 0
1459947786092103 148 2384577 31481 69 1130496 0 0
1459947786107895 145 2384020 30034 69 1130496 0 0
1459947786124349 148 2386570 30547 69 1130496 0 0
1459947786138569 141 2381793 33115 69 1130496 0 0
1459947786153153 144 2380386 32363 69 1130496 0 0
1459947786167313 143 2378043 32535 69 1130496 0 0
1459947786180526 133 2365607 42159 69 1130496 0 0
1459947786194859 140 2361116 43733 69 1130496 0 0
1459947786209115 142 2358954 43025 69 1130496 0 0
1459947786223167 145 2359999 41315 69 1130496 0 0
1459947786238250 143 2358931 39733 69 1130496 0 0
1459947786253634 146 2361001 39190 69 1130496 0 0
1459947786269450 145 2361918 37600 69 1130496 0 0
1459947786285355 148 2365850 38936 69 1130496 0 0
1459947786299697 143 2364416 37846 69 1130496 0 0
1459947786313989 143 2363072 36740 69 1130496 0 0
1459947786329161 146 2364884 36141 69 1130496 0 0
1459947786342714 140 2360438 38049 69 1130496 0 0
1459947786357610 145 2361390 36563 69 1130496 0 0
1459947786370257 134 2351019 43999 69 1130496 0 0
1459947786384836 143 2350512 41724 69 1130496 0 0
1459947786401023 147 2354133 42510 69 1130496 0 0
1459947786414825 142 2352407 41470 69 1130496 0 0
1459947786428919 141 2349765 41354 69 1130496 0 0
1459947786442440 137 2343192 44930 69 1130496 0 0
1459947786456988 142 2342150 43097 69 1130496 0 0
1459947786471075 142 2341173 41318 69 1130496 0 0
1459947786485884 142 2340257 39593 69 1130496 0 0
1459947786500212 144 2341446 38233 69 1130496 0 0
1459947786515919 147 2345633 39768 69 1130496 0 0
1459947786531749 145 2347510 39042 69 1130496 0 0
1459947786547160 147 2351318 40171 69 1130496 0 0
1459947786562997 146 2353864 40047 69 1130496 0 0
1459947786578974 147 2357275 40742 69 1130496 0 0
1459947786593823 145 2358425 39273 69 1130496 0 0
1459947786609093 145 2359503 37829 69 1130496 0 0
1459947786624605 145 2360514 36411 69 1130496 0 0
1459947786639828 144 2360437 34206 69 1130496 0 0
1459947786656098 146 2362413 33921 69 1130496 0 0
1459947786671966 143 2361194 32942 69 1130496 0 0
1459947786686749 146 2363123 32691 69 1130496 0 0
1459947786702806 147 2365955 33302 69 1130496 0 0
1459947786718694 146 2367586 32749 69 1130496 0 0
1459947786734607 147 2370139 33096 69 1130496 0 0
1459947786750469 147 2372533 33271 69 1130496 0 0
1459947786765763 146 2373753 32335 69 1130496 0 0
1459947786781200 148 2376945 33306 69 1130496 0 0
1459947786797968 148 2379937 34029 69 1130496 0 0
1459947786813498 146 2380694 32612 69 1130496 0 0
1459947786827431 140 2375260 35666 69 1130496 0 0
1459947786842042 143 2373238 35331 69 1130496 0 0
1459947786857514 145 2373390 33265 69 1130496 0 0
1459947786873026 146 2374557 32279 69 1130496 0 0
1459947786886483 139 2368483 35955 69 1130496 0 0
1459947786901553 147 2370980 36048 69 1130496 0 0
1459947786916931 145 2371273 34070 69 1130496 0 0
1459947786931949 145 2371548 32198 69 1130496 0 0
1459947786946768 146 2372830 31387 69 1130496 0 0
1459947786962342 145 2373008 29592 69 1130496 0 0
1459947786977204 144 2372151 28545 69 1130496 0 0
1459947786991790 143 2370323 28473 69 1130496 0 0
1459947787007396 143 2368609 28299 69 1130496 0 0
1459947787022437 143 2367002 28035 69 1130496 0 0
1459947787038111 145 2367544 26790 69 1130496 0 0
1459947787054431 148 2371124 28471 69 1130496 0 0
1459947787069986 145 2371408 26958 69 1130496 0 0
1459947787084909 144 2370651 25982 69 1130496 0 0
1459947787099611 144 2369941 25023 69 1130496 0 0
1459947787114513 143 2368251 25042 69 1130496 0 0
1459947787128614 145 2368715 23911 69 1130496 0 0
1459947787141534 140 2364030 26807 69 1130496 0 0
1459947787156815 143 2362710 26368 69 1130496 0 0
1459947787172908 147 2365568 27400 69 1130496 0 0
1459947787186799 142 2363128 27974 69 1130496 0 0
1459947787201244 144 2362888 26449 69 1130496 0 0
1459947787216642 147 2365735 27464 69 1130496 0 0
1459947787231267 145 2366356 26329 69 1130496 0 0
1459947787247924 150 2372058 30029 69 1130496 0 0
1459947787263948 146 2373308 29324 69 1130496 0 0
1459947787279948 146 2374480 28590 69 1130496 0 0
1459947787295136 144 2373531 27692 69 1130496 0 0
1459947787310507 144 2372641 26795 69 1130496 0 0
1459947787326382 147 2374878 27218 69 1130496 0 0
1459947787341912 144 2373904 26429 69 1130496 0 0
1459947787357980 147 2376063 26801 69 1130496 0 0
1459947787372459 140 2370919 29947 69 1130496 0 0
1459947787387427 141 2367120 31636 69 1130496 0 0
1459947787402338 144 2366631 30116 69 1130496 0 0
1459947787416803 138 2360028 34422 69 1130496 0 0
1459947787431919 143 2358958 33272 69 1130496 0 0
