1459947794687600 143 2342912 0 69 1130496 0 0
1459947794700987 138 2337792 4800 69 1130496 0 0
1459947794714398 141 2336064 6120 69 1130496 0 0
1459947794729308 145 2338540 8058 69 1130496 0 0
1459947794744650 145 2340861 9730 69 1130496 0 0
1459947794759047 145 2343037 11161 69 1130496 0 0
1459947794772627 138 2337909 15270 69 1130496 0 0
1459947794788015 145 2340269 16528 69 1130496 0 0
1459947794802272 142 2339410 16300 69 1130496 0 0
1459947794817580 146 2342700 18366 69 1130496 0 0
1459947794832216 141 2340665 19125 69 1130496 0 0
1459947794847247 145 2342853 19980 69 1130496 0 0
1459947794861374 144 2343880 19694 69 1130496 0 0
1459947794876923 143 2343819 18519 69 1130496 0 0
1459947794893053 145 2345810 19227 69 1130496 0 0
1459947794907390 144 2346652 18815 69 1130496 0 0
1459947794921762 143 2346418 17858 69 1130496 0 0
1459947794937579 147 2346418 17858 69 1130496 0 1
1459947794953352 146 2349270 19415 69 1130496 0 0
1459947794968915 144 2349896 18788 69 1130496 0 0
1459947794983789 142 2348435 18982 69 1130496 0 0
1459947794998931 145 2350137 19391 69 1130496 0 0
1459947795014422 144 2350709 18715 69 1130496 0 0
1459947795028582 140 2347149 20881 69 1130496 0 0
1459947795042562 139 2342788 23663 69 1130496 0 0
1459947795057777 145 2344843 24111 69 1130496 0 0
1459947795072368 142 2343698 23677 69 1130496 0 0
1459947795088153 145 2345696 24071 69 1130496 0 0
1459947795103442 143 2345522 22729 69 1130496 0 0
1459947795118355 144 2346382 22115 69 1130496 0 0
1459947795134180 146 2349237 23408 69 1130496 0 0
1459947795149616 147 2352937 25414 69 1130496 0 0
1459947795164491 145 2354358 25157 69 1130496 0 0
1459947795180225 146 2356714 25793 69 1130496 0 0
1459947795196319 146 2358923 26251 69 1130496 0 0
1459947795211946 145 2359970 25591 69 1130496 0 0
1459947795225381 136 2351735 31710 69 1130496 0 0
1459947795239248 139 2347087 34084 69 1130496 0 0
1459947795254708 142 2345802 33157 69 1130496 0 0
1459947795271159 146 2348693 33794 69 1130496 0 0
1459947795285641 143 2348331 32019 69 1130496 0 0
1459947795301071 146 2351064 32579 69 1130496 0 0
1459947795316057 147 2354650 33904 69 1130496 0 0
1459947795332225 148 2359036 35897 69 1130496 0 0
1459947795348143 148 2363148 37508 69 1130496 0 0
1459947795363350 144 2362907 35388 69 1130496 0 0
1459947795379048 146 2364729 34884 69 1130496 0 0
1459947795394728 147 2367461 35264 69 1130496 0 0
1459947795408838 141 2363878 36418 69 1130496 0 0
1459947795424569 144 2363591 34409 69 1130496 0 0
1459947795439731 143 2362298 33469 69 1130496 0 0
1459947795456487 147 2365182 34081 69 1130496 0 0
1459947795472154 145 2365838 32565 69 1130496 0 0
1459947795488406 147 2368501 33025 69 1130496 0 0
1459947795504726 149 2373045 35220 69 1130496 0 0
1459947795520255 144 2372185 33823 69 1130496 0 0
1459947795535814 145 2372403 31913 69 1130496 0 0
1459947795552021 147 2374655 32030 69 1130496 0 0
1459947795566277 141 2370623 33807 69 1130496 0 0
1459947795582079 146 2371963 32950 69 1130496 0 0
1459947795596852 143 2370147 32592 69 1130496 0 0
1459947795611608 144 2369468 31190 69 1130496 0 0
1459947795627701 147 2371904 31524 69 1130496 0 0
1459947795643154 144 2371116 30291 69 1130496 0 0
1459947795658448 146 2372425 29624 69 1130496 0 0
1459947795672346 137 2364436 35261 69 1130496 0 0
1459947795687341 144 2364114 33358 69 1130496 0 0
1459947795702012 145 2364836 31950 69 1130496 0 0
1459947795716428 139 2359369 35077 69 1130496 0 0
1459947795732498 145 2360388 33839 69 1130496 0 0
1459947795746961 141 2357247 34667 69 1130496 0 0
1459947795762171 146 2359423 34540 69 1130496 0 0
1459947795776450 142 2357367 34308 69 1130496 0 0
1459947795791771 146 2359535 34196 69 1130496 0 0
1459947795807957 145 2360544 33004 69 1130496 0 0
1459947795820989 135 2351250 39654 69 1130496 0 0
1459947795836270 147 2354824 40526 69 1130496 0 0
1459947795850862 142 2353055 39650 69 1130496 0 0
1459947795866200 144 2353445 37536 69 1130496 0 0
1459947795881718 141 2350738 37727 69 1130496 0 0
1459947795896314 142 2349224 36787 69 1130496 0 0
1459947795911053 144 2349853 35077 69 1130496 0 0
1459947795925889 143 2349419 33290 69 1130496 0 0
1459947795940823 145 2351060 32747 69 1130496 0 0
1459947795955372 145 2352598 32142 69 1130496 0 0
1459947795970358 147 2356088 33405 69 1130496 0 0
1459947795985216 144 2356288 31505 69 1130496 0 0
1459947796000582 145 2357500 30671 69 1130496 0 0
1459947796015229 143 2356588 29608 69 1130496 0 0
1459947796030102 144 2356757 27915 69 1130496 0 0
1459947796045932 148 2361011 30158 69 1130496 0 0
1459947796061420 146 2362951 30092 69 1130496 0 0
1459947796076500 144 2362722 28425 69 1130496 0 0
1459947796091448 145 2363531 27407 69 1130496 0 0
1459947796106833 144 2363266 25942 69 1130496 0 0
1459947796122288 147 2366089 26967 69 1130496 0 0
1459947796137234 144 2365664 25679 69 1130496 0 0
1459947796151455 139 2360146 29247 69 1130496 0 0
1459947796167051 145 2361116 28329 69 1130496 0 0
1459947796182602 144 2361002 26664 69 1130496 0 0
1459947796197268 143 2359871 26056 69 1130496 0 0
1459947796211711 142 2357787 26380 69 1130496 0 0
1459947796227323 143 2356857 25602 69 1130496 0 0
1459947796242547 145 2358033 25103 69 1130496 0 0
1459947796258136 146 2360159 25528 69 1130496 0 0
1459947796272789 145 2361129 24841 69 1130496 0 0
1459947796288319 146 2363062 25100 69 1130496 0 0
1459947796304991 148 2366922 27150 69 1130496 0 0
1459947796319828 148 2370541 28846 69 1130496 0 0
1459947796334866 146 2371886 28304 69 1130496 0 0
1459947796350478 147 2374171 28677 69 1130496 0 0
1459947796364296 142 2371193 29675 69 1130496 0 0
1459947796378545 144 2370449 28517 69 1130496 0 0
1459947796393708 145 2370775 27040 69 1130496 0 0
1459947796409131 145 2371081 25637 69 1130496 0 0
1459947796423671 144 2370344 24724 69 1130496 0 0
1459947796438199 143 2368629 24785 69 1130496 0 0
1459947796452278 141 2364973 26661 69 1130496 0 0
1459947796467096 148 2368714 28501 69 1130496 0 0
1459947796481812 143 2367101 28230 69 1130496 0 0
1459947796496807 143 2365589 27882 69 1130496 0 0
1459947796511809 145 2366219 26730 69 1130496 0 0
1459947796527474 145 2366810 25613 69 1130496 0 0
1459947796541721 145 2367364 24531 69 1130496 0 0
1459947796556621 143 2365835 24429 69 1130496 0 0
1459947796571651 142 2363378 25205 69 1130496 0 0
1459947796587340 147 2366194 26269 69 1130496 0 0
1459947796599686 138 2359618 30791 69 1130496 0 0
1459947796613179 135 2350381 37524 69 1130496 0 0
1459947796626661 140 2346842 38495 69 1130496 0 0
1459947796639132 130 2333284 48799 69 1130496 0 0
1459947796653186 139 2329789 49024 69 1130496 0 0
1459947796666356 135 2322417 52871 69 1130496 0 0
1459947796680751 142 2322673 49806 69 1130496 0 0
1459947796695912 145 2325985 49798 69 1130496 0 0
1459947796709651 140 2323970 48573 69 1130496 0 0
1459947796724808 146 2328225 49526 69 1130496 0 0
1459947796740503 144 2330166 48250 69 1130496 0 0
1459947796755177 146 2334034 48860 69 1130496 0 0
1459947796769488 144 2335612 47286 69 1130496 0 0
1459947796785090 145 2338116 46677 69 1130496 0 0
1459947796800531 148 2343535 48840 69 1130496 0 0
1459947796815587 147 2347592 49590 69 1130496 0 0
1459947796831293 145 2349347 48135 69 1130496 0 0
1459947796845830 140 2345872 48383 69 1130496 0 0
1459947796859512 140 2342615 48412 69 1130496 0 0
1459947796875202 146 2345705 48283 69 1130496 0 0
1459947796889229 140 2342458 48308 69 1130496 0 0
1459947796903591 144 2343510 46274 69 1130496 0 0
1459947796918608 145 2345520 45266 69 1130496 0 0
1459947796933443 142 2344333 43548 69 1130496 0 0
1459947796944316 118 2318644 64909 69 1130496 0 0
1459947796958261 144 2321184 63234 69 1130496 0 0
1459947796972205 142 2321518 59594 69 1130496 0 0
1459947796986513 140 2319783 57495 69 1130496 0 0
1459947797000359 142 2320204 54296 69 1130496 0 0
1459947797015121 144 2322647 53192 69 1130496 0 0
1459947797029417 140 2320841 51559 69 1130496 0 0
1459947797044708 145 2324268 51549 69 1130496 0 0
1459947797059691 138 2320313 52034 69 1130496 0 0
1459947797075135 145 2323773 52025 69 1130496 0 0
1459947797090489 145 2327017 51814 69 1130496 0 0
1459947797107431 148 2333130 54306 69 1130496 0 0
1459947797122457 142 2332717 51297 69 1130496 0 0
1459947797136655 140 2330282 50372 69 1130496 0 0
1459947797151709 146 2334143 50843 69 1130496 0 0
1459947797166376 144 2335715 49138 69 1130496 0 0
1459947797181289 145 2338212 48407 69 1130496 0 0
1459947797195646 142 2337481 46065 69 1130496 0 0
1459947797210235 144 2338844 44463 69 1130496 0 0
1459947797224708 143 2339098 41922 69 1130496 0 0
1459947797240200 143 2339336 39524 69 1130496 0 0
1459947797253807 141 2337511 38763 69 1130496 0 0
1459947797268310 141 2335800 37943 69 1130496 0 0
1459947797284332 145 2338292 37907 69 1130496 0 0
1459947797298796 140 2335508 38146 69 1130496 0 0
1459947797314196 147 2340066 40034 69 1130496 0 0
1459947797329327 142 2339219 38324 69 1130496 0 0
1459947797344653 147 2343545 39984 69 1130496 0 0
1459947797360378 148 2348625 42247 69 1130496 0 0
1459947797375030 144 2349291 40231 69 1130496 0 0
1459947797389552 144 2349916 38302 69 1130496 0 0
1459947797403209 142 2348454 37278 69 1130496 0 0
1459947797416962 138 2342987 40072 69 1130496 0 0
1459947797431207 144 2344006 38522 69 1130496 0 0
1459947797444270 139 2339841 40018 69 1130496 0 0
1459947797458843 143 2340032 37696 69 1130496 0 0
1459947797473126 144 2341236 36468 69 1130496 0 0
1459947797485227 134 2332124 42729 69 1130496 0 0
1459947797498677 134 2323582 48065 69 1130496 0 0
1459947797514679 147 2328886 50032 69 1130496 0 0
1459947797529801 145 2331810 49646 69 1130496 0 0
1459947797543398 142 2331479 46852 69 1130496 0 0
1459947797558863 143 2332193 44592 69 1130496 0 0
1459947797574077 146 2335934 45313 69 1130496 0 0
1459947797589530 147 2340466 46728 69 1130496 0 0
1459947797604084 142 2339594 44623 69 1130496 0 0
1459947797619333 143 2339801 42028 69 1130496 0 0
1459947797634871 147 2344091 43423 69 1130496 0 0
1459947797650931 149 2350161 46399 69 1130496 0 0
1459947797666352 145 2351755 44994 69 1130496 0 0
1459947797681835 148 2356322 46462 69 1130496 0 0
1459947797697159 146 2358555 45652 69 1130496 0 0
1459947797712358 146 2360649 44761 69 1130496 0 0
1459947797727953 147 2363636 44763 69 1130496 0 0
1459947797742250 143 2362340 43179 69 1130496 0 0
1459947797757431 146 2364197 42221 69 1130496 0 0
1459947797772782 144 2363890 39869 69 1130496 0 0
1459947797787327 144 2363602 37646 69 1130496 0 0
1459947797801263 136 2355140 43225 69 1130496 0 0
1459947797816643 145 2356423 41726 69 1130496 0 0
1459947797832214 146 2358650 41206 69 1130496 0 0
1459947797846830 142 2356642 40512 69 1130496 0 0
1459947797862387 145 2357831 39095 69 1130496 0 0
1459947797878157 147 2360994 39616 69 1130496 0 0
1459947797891532 141 2357815 40119 69 1130496 0 0
1459947797907588 149 2363027 42497 69 1130496 0 0
1459947797923674 145 2363817 40581 69 1130496 0 0
1459947797938503 142 2361486 40228 69 1130496 0 0
1459947797954278 146 2363397 39504 69 1130496 0 0
1459947797969290 144 2363140 37275 69 1130496 0 0
1459947797985027 146 2364947 36639 69 1130496 0 0
1459947798000974 143 2363569 35640 69 1130496 0 0
1459947798015920 142 2361253 35582 69 1130496 0 0
1459947798032057 146 2363178 35163 69 1130496 0 0
1459947798046733 139 2357815 37992 69 1130496 0 0
1459947798062806 147 2360979 38583 69 1130496 0 0
1459947798077947 144 2360873 36269 69 1130496 0 0
1459947798092854 141 2357702 36974 69 1130496 0 0
1459947798107905 140 2353705 38409 69 1130496 0 0
1459947798122741 145 2355078 37295 69 1130496 0 0
1459947798138486 147 2358413 38091 69 1130496 0 0
1459947798154272 144 2358468 35761 69 1130496 0 0
1459947798169132 142 2356471 35396 69 1130496 0 0
1459947798184809 144 2356647 33348 69 1130496 0 0
1459947798200793 147 2359884 34298 69 1130496 0 0
1459947798216986 148 2363943 35959 69 1130496 0 0
1459947798232078 144 2363652 33983 69 1130496 0 0
1459947798245317 142 2361331 34034 69 1130496 0 0
1459947798259471 142 2359155 33945 69 1130496 0 0
1459947798274795 143 2358139 32774 69 1130496 0 0
1459947798290584 148 2362307 34632 69 1130496 0 0
1459947798306547 146 2364166 34210 69 1130496 0 0
1459947798316376 140 2359765 36196 69 1130496 0 0
1459947798333253 147 2362807 36785 69 1130496 0 0
1459947798349481 147 2365659 37159 69 1130496 0 0
1459947798364731 143 2364237 36168 69 1130496 0 0
1459947798380063 144 2363928 34196 69 1130496 0 0
1459947798395538 145 2364662 32746 69 1130496 0 0
1459947798410407 146 2366374 32304 69 1130496 0 0
1459947798426117 147 2369003 32750 69 1130496 0 0
1459947798441486 143 2367372 32231 69 1130496 0 0
1459947798457711 147 2369939 32622 69 1130496 0 0
1459947798473555 145 2370297 30919 69 1130496 0 0
1459947798487319 136 2361417 37310 69 1130496 0 0
1459947798502508 146 2363332 36773 69 1130496 0 0
1459947798517416 146 2365127 36157 69 1130496 0 0
1459947798534000 147 2367834 36435 69 1130496 0 0
1459947798549276 144 2367300 34657 69 1130496 0 0
1459947798564637 144 2366799 32958 69 1130496 0 0
1459947798580618 147 2369402 33338 69 1130496 0 0
1459947798594854 140 2364674 35686 69 1130496 0 0
1459947798607901 134 2354097 43370 69 1130496 0 0
1459947798623359 146 2356469 42883 69 1130496 0 0
1459947798639421 145 2357669 41327 69 1130496 0 0
1459947798655764 145 2358794 39799 69 1130496 0 0
1459947798671096 145 2359849 38300 69 1130496 0 0
1459947798686834 144 2359814 35938 69 1130496 0 0
1459947798702806 146 2361829 35580 69 1130496 0 0
1459947798719091 147 2364742 36087 69 1130496 0 0
1459947798734953 146 2366449 35431 69 1130496 0 0
1459947798750010 145 2367025 33756 69 1130496 0 0
1459947798763874 140 2362445 35938 69 1130496 0 0
1459947798778075 143 2361224 34835 69 1130496 0 0
1459947798792883 144 2361103 32769 69 1130496 0 0
1459947798808871 146 2363038 32534 69 1130496 0 0
1459947798823894 143 2361780 31679 69 1130496 0 0
1459947798839703 144 2361624 29844 69 1130496 0 0
1459947798856137 145 2362502 28801 69 1130496 0 0
1459947798872212 147 2365373 29692 69 1130496 0 0
1459947798889441 149 2370113 32279 69 1130496 0 0
1459947798905265 146 2371484 31547 69 1130496 0 0
1459947798921684 149 2375842 33660 69 1130496 0 0
1459947798937333 147 2377879 33466 69 1130496 0 0
1459947798952380 144 2376717 32462 69 1130496 0 0
1459947798968182 147 2378700 32292 69 1130496 0 0
1459947798983672 145 2378511 30449 69 1130496 0 0
1459947798999654 148 2381406 31259 69 1130496 0 0
1459947799015285 146 2382072 29929 69 1130496 0 0
1459947799030018 143 2379624 30352 69 1130496 0 0
1459947799046880 149 2383473 32063 69 1130496 0 0
1459947799063055 147 2385033 31522 69 1130496 0 0
1459947799079912 148 2387520 31883 69 1130496 0 0
1459947799096289 148 2389852 32076 69 1130496 0 0
1459947799112130 148 2392038 32120 69 1130496 0 0
1459947799127447 146 2392039 30113 69 1130496 0 0
1459947799143077 144 2389992 30148 69 1130496 0 0
1459947799159319 147 2391145 29344 69 1130496 0 0
1459947799176108 149 2394274 30443 69 1130496 0 0
1459947799191261 140 2387991 34429 69 1130496 0 0
1459947799206719 148 2390293 34435 69 1130496 0 0
1459947799222238 145 2389379 33138 69 1130496 0 0
1459947799237959 148 2391594 33143 69 1130496 0 0
1459947799253900 148 2393671 33018 69 1130496 0 0
1459947799268659 143 2390498 33928 69 1130496 0 0
1459947799282983 142 2386499 35555 69 1130496 0 0
1459947799298901 145 2385822 33965 69 1130496 0 0
1459947799314177 147 2387236 33167 69 1130496 0 0
1459947799330010 149 2390609 34256 69 1130496 0 0
1459947799345099 144 2388651 33949 69 1130496 0 0
1459947799360979 147 2389888 32987 69 1130496 0 0
1459947799375456 141 2384904 35597 69 1130496 0 0
1459947799390871 145 2384327 33912 69 1130496 0 0
1459947799406179 146 2384810 32245 69 1130496 0 0
1459947799422386 148 2387311 32574 69 1130496 0 0
1459947799437274 143 2384536 33139 69 1130496 0 0
1459947799451455 142 2380910 34465 69 1130496 0 0
1459947799465716 138 2373415 39336 69 1130496 0 0
1459947799481527 146 2374580 37969 69 1130496 0 0
1459947799496909 146 2375672 36619 69 1130496 0 0
1459947799511662 140 2370552 39129 69 1130496 0 0
1459947799525145 130 2355512 50782 69 1130496 0 0
1459947799540515 148 2359844 51669 69 1130496 0 0
1459947799555284 145 2360833 49366 69 1130496 0 0
1459947799572143 150 2366880 51950 69 1130496 0 0
1459947799586110 143 2365382 50107 69 1130496 0 0
1459947799600769 144 2365001 47331 69 1130496 0 0
1459947799616267 147 2367716 46917 69 1130496 0 0
1459947799631310 143 2366165 45437 69 1130496 0 0
1459947799647139 146 2367783 44114 69 1130496 0 0
1459947799663396 146 2369300 42778 69 1130496 0 0
1459947799678453 145 2369698 40477 69 1130496 0 0
1459947799694175 146 2371095 39257 69 1130496 0 0
1459947799709861 148 2374453 39951 69 1130496 0 0
1459947799725152 146 2375553 38485 69 1130496 0 0
1459947799740559 144 2374536 37031 69 1130496 0 0
1459947799755676 144 2373583 35608 69 1130496 0 0
1459947799770954 145 2373714 33504 69 1130496 0 0
1459947799786374 146 2374860 32485 69 1130496 0 0
1459947799801841 148 2377983 33382 69 1130496 0 0
1459947799815724 135 2367599 41029 69 1130496 0 0
1459947799830898 147 2370152 40857 69 1130496 0 0
1459947799845521 147 2372545 40546 69 1130496 0 0
1459947799861183 148 2375812 41074 69 1130496 0 0
1459947799875866 140 2370683 43313 69 1130496 0 0
1459947799891365 145 2370995 40897 69 1130496 0 0
1459947799906132 143 2369239 39985 69 1130496 0 0
1459947799921151 145 2369641 37862 69 1130496 0 0
1459947799936055 147 2372066 37768 69 1130496 0 0
1459947799950068 139 2366147 40955 69 1130496 0 0
1459947799965201 145 2366742 38953 69 1130496 0 0
1459947799980659 146 2368324 38001 69 1130496 0 0
1459947799996733 148 2371855 38936 69 1130496 0 0
1459947800011749 141 2367998 40117 69 1130496 0 0
1459947800026890 147 2370526 39979 69 1130496 0 0
1459947800041793 145 2370848 37782 69 1130496 0 0
1459947800056531 146 2372174 36663 69 1130496 0 0
1459947800072252 144 2371369 35125 69 1130496 0 0
1459947800088715 146 2372662 34141 69 1130496 0 0
1459947800103786 142 2369778 34710 69 1130496 0 0
1459947800119847 146 2371170 33845 69 1130496 0 0
1459947800135369 144 2370427 32424 69 1130496 0 0
1459947800150692 147 2372803 32624 69 1130496 0 0
1459947800166686 147 2375030 32673 69 1130496 0 0
1459947800182284 145 2375070 30668 69 1130496 0 0
1459947800197789 145 2375108 28786 69 1130496 0 0
1459947800212756 144 2374119 27912 69 1130496 0 0
1459947800227929 147 2376264 28178 69 1130496 0 0
1459947800243211 145 2376227 26450 69 1130496 0 0
1459947800258321 146 2377216 25724 69 1130496 0 0
1459947800273255 146 2378144 24986 69 1130496 0 0
1459947800287539 144 2376966 24528 69 1130496 0 0
1459947800302938 146 2377909 23879 69 1130496 0 0
1459947800318744 147 2379817 24175 69 1130496 0 0
1459947800333671 145 2379558 22906 69 1130496 0 0
1459947800347954 143 2377267 23621 69 1130496 0 0
1459947800361513 143 2375119 24156 69 1130496 0 0
1459947800376392 142 2372082 25493 69 1130496 0 0
1459947800392700 147 2374354 26029 69 1130496 0 0
1459947800408803 144 2373412 25284 69 1130496 0 0
1459947800424683 148 2376625 26715 69 1130496 0 0
1459947800440453 145 2376565 25100 69 1130496 0 0
1459947800456130 146 2377533 24439 69 1130496 0 0
1459947800471915 148 2380489 25682 69 1130496 0 0
1459947800487126 147 2382236 25714 69 1130496 0 0
1459947800502100 144 2380802 25450 69 1130496 0 0
1459947800516105 142 2377409 27039 69 1130496 0 0
1459947800531085 144 2376276 26410 69 1130496 0 0
1459947800546899 145 2376238 24793 69 1130496 0 0
1459947800562426 147 2378251 25130 69 1130496 0 0
1459947800577747 146 2379114 24368 69 1130496 0 0
1459947800592411 140 2373779 27846 69 1130496 0 0
1459947800608732 147 2375945 28136 69 1130496 0 0
1459947800625073 148 2379000 29241 69 1130496 0 0
1459947800640316 144 2377768 28567 69 1130496 0 0
1459947800655367 143 2375589 28823 69 1130496 0 0
1459947800669654 138 2368426 33735 69 1130496 0 0
1459947800684972 144 2367855 32160 69 1130496 0 0
1459947800700284 147 2370392 32528 69 1130496 0 0
1459947800716031 146 2371746 31764 69 1130496 0 0
1459947800729038 139 2365847 35307 69 1130496 0 0
1459947800743314 141 2362365 36363 69 1130496 0 0
1459947800757497 144 2362173 34269 69 1130496 0 0
1459947800772788 145 2363017 32918 69 1130496 0 0
1459947800787813 143 2361760 32038 69 1130496 0 0
1459947800801716 141 2358534 33059 69 1130496 0 0
1459947800816277 144 2358581 31036 69 1130496 0 0
1459947800832207 147 2361697 32017 69 1130496 0 0
1459947800847844 149 2366666 34674 69 1130496 0 0
1459947800862693 144 2366205 32937 69 1130496 0 0
1459947800878208 143 2364749 32242 69 1130496 0 0
1459947800894042 144 2364408 30545 69 1130496 0 0
1459947800909561 145 2365112 29295 69 1130496 0 0
1459947800925339 149 2369868 31923 69 1130496 0 0
1459947800940334 144 2369207 30546 69 1130496 0 0
1459947800955513 145 2369611 29015 69 1130496 0 0
1459947800969840 143 2367942 28765 69 1130496 0 0
1459947800984425 145 2368425 27420 69 1130496 0 0
1459947800999289 148 2371950 29011 69 1130496 0 0
1459947801014913 146 2373207 28375 69 1130496 0 0
1459947801028671 143 2371313 28376 69 1130496 0 0
1459947801040990 135 2361345 35946 69 1130496 0 0
1459947801056840 146 2363264 35499 69 1130496 0 0
1459947801071238 142 2360968 35432 69 1130496 0 0
1459947801087312 149 2365983 37919 69 1130496 0 0
1459947801101725 143 2364541 36900 69 1130496 0 0
1459947801117027 146 2366261 36205 69 1130496 0 0
1459947801130629 138 2359681 40110 69 1130496 0 0
1459947801145499 144 2359656 37625 69 1130496 0 0
1459947801160781 149 2364753 40051 69 1130496 0 0
1459947801175954 146 2366459 39147 69 1130496 0 0
1459947801191244 146 2368059 38200 69 1130496 0 0
1459947801205112 143 2366487 37285 69 1130496 0 0
1459947801220050 146 2368085 36452 69 1130496 0 0
1459947801235746 148 2371631 37498 69 1130496 0 0
1459947801250687 143 2369836 36836 69 1130496 0 0
1459947801265778 144 2369177 35150 69 1130496 0 0
1459947801281543 146 2370607 34294 69 1130496 0 0
1459947801297315 148 2373996 35327 69 1130496 0 0
1459947801312624 146 2375125 34177 69 1130496 0 0
1459947801327328 147 2377207 33992 69 1130496 0 0
1459947801342236 144 2376087 32916 69 1130496 0 0
1459947801357474 142 2372989 33761 69 1130496 0 0
1459947801372048 144 2372133 32452 69 1130496 0 0
1459947801386047 141 2368258 34055 69 1130496 0 0
1459947801402466 154 2368258 34055 69 1130496 0 1
1459947801418204 151 2368258 34055 69 1130496 0 1
1459947801434081 148 2371793 35240 69 1130496 0 0
1459947801448691 144 2371011 33769 69 1130496 0 0
1459947801463874 146 2372326 32891 69 1130496 0 0
1459947801479732 150 2377655 35831 69 1130496 0 0
1459947801494708 146 2378555 34435 69 1130496 0 0
1459947801509428 141 2374279 36290 69 1130496 0 0
1459947801525734 148 2377438 36983 69 1130496 0 0
1459947801540883 147 2379376 36488 69 1130496 0 0
1459947801556173 146 2380169 34950 69 1130496 0 0
1459947801570304 145 2379888 33028 69 1130496 0 0
1459947801583722 138 2372457 37929 69 1130496 0 0
1459947801599082 146 2373682 36706 69 1130496 0 0
1459947801614655 147 2375854 36448 69 1130496 0 0
1459947801629840 145 2375843 34180 69 1130496 0 0
1459947801643973 145 2375832 32052 69 1130496 0 0
1459947801658883 147 2377870 31959 69 1130496 0 0
1459947801673295 146 2378757 30792 69 1130496 0 0
1459947801689007 148 2381636 31566 69 1130496 0 0
1459947801702994 144 2380239 30901 69 1130496 0 0
1459947801718057 144 2378930 30196 69 1130496 0 0
1459947801733106 148 2381798 30997 69 1130496 0 0
1459947801747414 146 2382439 29660 69 1130496 0 0
1459947801760566 136 2372800 36842 69 1130496 0 0
1459947801774832 145 2372980 34707 69 1130496 0 0
1459947801789645 146 2374172 33655 69 1130496 0 0
1459947801804038 146 2375290 32599 69 1130496 0 0
1459947801818690 145 2375314 30583 69 1130496 0 0
1459947801833043 143 2373288 30569 69 1130496 0 0
1459947801846003 136 2364221 37157 69 1130496 0 0
1459947801860808 145 2364937 35505 69 1130496 0 0
1459947801875629 146 2366632 34874 69 1130496 0 0
1459947801889591 145 2367197 33224 69 1130496 0 0
1459947801902840 144 2366703 31609 69 1130496 0 0
1459947801917195 143 2365216 31027 69 1130496 0 0
1459947801931583 142 2362798 31353 69 1130496 0 0
1459947801945659 144 2362579 29598 69 1130496 0 0
1459947801961261 147 2365445 30435 69 1130496 0 0
1459947801976185 146 2367108 30091 69 1130496 0 0
