1459947780015934 145 2375680 0 69 1130496 0 0
1459947780030633 142 2372608 2880 69 1130496 0 0
1459947780045498 146 2373824 3840 69 1130496 0 0
1459947780059552 141 2369844 7331 69 1130496 0 0
1459947780075635 148 2373280 10094 69 1130496 0 0
1459947780090737 148 2376502 12483 69 1130496 0 0
1459947780105702 146 2377474 12613 69 1130496 0 0
1459947780119670 141 2373265 15769 69 1130496 0 0
1459947780134446 143 2371367 16561 69 1130496 0 0
1459947780149843 147 2373684 17697 69 1130496 0 0
1459947780165520 148 2376880 19587 69 1130496 0 0
1459947780181077 144 2375781 19392 69 1130496 0 0
1459947780197097 146 2376798 19134 69 1130496 0 0
1459947780212402 144 2375704 18963 69 1130496 0 0
1459947780228474 146 2376726 18735 69 1130496 0 0
1459947780245300 149 2380756 21342 69 1130496 0 0
1459947780261691 147 2382486 21630 69 1130496 0 0
1459947780278033 148 2385132 22759 69 1130496 0 0
1459947780294170 147 2386589 22702 69 1130496 0 0
1459947780309360 144 2384883 22882 69 1130496 0 0
1459947780324452 144 2383283 22950 69 1130496 0 0
1459947780339558 143 2380759 23880 69 1130496 0 0
1459947780355031 146 2381465 23049 69 1130496 0 0
1459947780370219 145 2381103 21946 69 1130496 0 0
1459947780385995 146 2381788 21216 69 1130496 0 0
1459947780401471 147 2383454 21452 69 1130496 0 0
1459947780414721 136 2373752 29206 69 1130496 0 0
1459947780430104 147 2375920 29413 69 1130496 0 0
1459947780445201 145 2375905 27588 69 1130496 0 0
1459947780459465 141 2371794 29716 69 1130496 0 0
1459947780473753 144 2371012 28590 69 1130496 0 0
1459947780488722 146 2372327 28036 69 1130496 0 0
1459947780501558 130 2357176 40486 69 1130496 0 0
1459947780515770 141 2354236 40710 69 1130496 0 0
1459947780529293 137 2347384 44588 69 1130496 0 0
1459947780544443 145 2349152 43459 69 1130496 0 0
1459947780559158 145 2350810 42296 69 1130496 0 0
1459947780574357 145 2352364 41109 69 1130496 0 0
1459947780589370 146 2354845 40865 69 1130496 0 0
1459947780604376 144 2355123 38570 69 1130496 0 0
1459947780619031 145 2356407 37363 69 1130496 0 0
1459947780632856 142 2354539 36777 69 1130496 0 0
1459947780647455 144 2354836 34756 69 1130496 0 0
1459947780660618 137 2347946 39041 69 1130496 0 0
1459947780674893 143 2347631 36894 69 1130496 0 0
1459947780690619 148 2352456 39111 69 1130496 0 0
1459947780706245 147 2355955 39946 69 1130496 0 0
1459947780720445 142 2354115 39173 69 1130496 0 0
1459947780735791 144 2354438 37027 69 1130496 0 0
1459947780751645 147 2357813 37876 69 1130496 0 0
1459947780766792 145 2358929 36554 69 1130496 0 0
1459947780781978 146 2360999 36210 69 1130496 0 0
1459947780797815 147 2363964 36726 69 1130496 0 0
1459947780813302 144 2363672 34703 69 1130496 0 0
1459947780829147 145 2364422 33237 69 1130496 0 0
1459947780844951 148 2368197 34698 69 1130496 0 0
1459947780858310 138 2361496 38810 69 1130496 0 0
1459947780873922 146 2363406 38175 69 1130496 0 0
1459947780887578 133 2351885 46589 69 1130496 0 0
1459947780902068 145 2353372 45071 69 1130496 0 0
1459947780917553 149 2358862 47401 69 1130496 0 0
1459947780932677 144 2358889 44463 69 1130496 0 0
1459947780948162 146 2360962 43627 69 1130496 0 0
1459947780963430 145 2361881 41762 69 1130496 0 0
1459947780979057 148 2365815 42839 69 1130496 0 0
1459947780995702 148 2369503 43619 69 1130496 0 0
1459947781010591 147 2371937 43173 69 1130496 0 0
1459947781025705 147 2374218 42613 69 1130496 0 0
1459947781040866 145 2374309 40034 69 1130496 0 0
1459947781056527 147 2376442 39531 69 1130496 0 0
1459947781072626 150 2381514 41815 69 1130496 0 0
1459947781087557 148 2384221 41739 69 1130496 0 0
1459947781103360 146 2384711 39589 69 1130496 0 0
1459947781117673 140 2379026 42443 69 1130496 0 0
1459947781132939 144 2377792 40946 69 1130496 0 0
1459947781148175 147 2379708 40182 69 1130496 0 0
1459947781163154 144 2378432 38866 69 1130496 0 0
1459947781177978 144 2377236 37557 69 1130496 0 0
1459947781192698 145 2377138 35300 69 1130496 0 0
1459947781206591 139 2370902 38938 69 1130496 0 0
1459947781222850 147 2373248 38704 69 1130496 0 0
1459947781238092 145 2373400 36427 69 1130496 0 0
1459947781254035 148 2376614 37163 69 1130496 0 0
1459947781268415 143 2374507 36814 69 1130496 0 0
1459947781284723 147 2376628 36501 69 1130496 0 0
1459947781301626 150 2381688 38963 69 1130496 0 0
1459947781316282 146 2382336 37135 69 1130496 0 0
1459947781332147 147 2383968 36344 69 1130496 0 0
1459947781348431 149 2387546 37426 69 1130496 0 0
1459947781364772 147 2388852 36310 69 1130496 0 0
1459947781378181 137 2379836 42491 69 1130496 0 0
1459947781393581 146 2380600 40551 69 1130496 0 0
1459947781409584 148 2383364 40607 69 1130496 0 0
1459947781424324 146 2383907 38578 69 1130496 0 0
1459947781439544 146 2384416 36644 69 1130496 0 0
1459947781454896 143 2381822 36784 69 1130496 0 0
1459947781470619 148 2384510 37005 69 1130496 0 0
1459947781486677 148 2387030 37054 69 1130496 0 0
1459947781503287 150 2391440 38873 69 1130496 0 0
1459947781518750 148 2393527 38399 69 1130496 0 0
1459947781534033 145 2392411 37044 69 1130496 0 0
1459947781548996 142 2388293 38588 69 1130496 0 0
1459947781564111 146 2388528 36397 69 1130496 0 0
1459947781578788 142 2384653 37754 69 1130496 0 0
1459947781593585 144 2383068 36879 69 1130496 0 0
1459947781609537 148 2385678 37021 69 1130496 0 0
1459947781623934 139 2378909 41052 69 1130496 0 0
1459947781639612 148 2381779 41176 69 1130496 0 0
1459947781654765 145 2381397 38959 69 1130496 0 0
1459947781668933 144 2380015 37818 69 1130496 0 0
1459947781683743 144 2378720 36668 69 1130496 0 0
1459947781698196 144 2377506 35514 69 1130496 0 0
1459947781712624 148 2380463 36067 69 1130496 0 0
1459947781728334 147 2382212 35451 69 1130496 0 0
1459947781742824 144 2380779 34577 69 1130496 0 0
1459947781757856 147 2382508 34036 69 1130496 0 0
1459947781772891 141 2377985 36148 69 1130496 0 0
1459947781788005 146 2378864 34713 69 1130496 0 0
1459947781836399 144 2377641 33689 69 1130496 0 0
1459947781852131 145 2377518 31697 69 1130496 0 0
1459947781868528 148 2380475 32487 69 1130496 0 0
1459947781882723 141 2376079 34576 69 1130496 0 0
1459947781898412 149 2380150 36231 69 1130496 0 0
1459947781914210 145 2379870 34227 69 1130496 0 0
1459947781930048 149 2383704 35681 69 1130496 0 0
1459947781944191 141 2379106 37760 69 1130496 0 0
1459947781958774 139 2372747 41360 69 1130496 0 0
1459947781973072 146 2373954 39906 69 1130496 0 0
1459947781987900 139 2367917 43069 69 1130496 0 0
1459947782002896 146 2369426 41791 69 1130496 0 0
1459947782017950 144 2368792 39772 69 1130496 0 0
1459947782032912 144 2368198 37842 69 1130496 0 0
1459947782048151 142 2365593 37917 69 1130496 0 0
1459947782063258 145 2366223 36138 69 1130496 0 0
1459947782078596 145 2366814 34433 69 1130496 0 0
1459947782093256 146 2368392 33759 69 1130496 0 0
1459947782108176 144 2367823 32181 69 1130496 0 0
1459947782122776 147 2370362 32549 69 1130496 0 0
1459947782136461 139 2364550 35962 69 1130496 0 0
1459947782152012 145 2365245 34366 69 1130496 0 0
1459947782167712 147 2367945 34749 69 1130496 0 0
1459947782182842 142 2365356 35003 69 1130496 0 0
1459947782198129 144 2364977 33170 69 1130496 0 0
1459947782211722 139 2359501 36228 69 1130496 0 0
1459947782228347 148 2363584 37791 69 1130496 0 0
1459947782244683 147 2366388 38057 69 1130496 0 0
1459947782261116 146 2367992 37182 69 1130496 0 0
1459947782276195 145 2368472 35308 69 1130496 0 0
1459947782292212 147 2370970 35443 69 1130496 0 0
1459947782307125 144 2370240 33911 69 1130496 0 0
1459947782321411 146 2371604 33069 69 1130496 0 0
1459947782336668 144 2370834 31723 69 1130496 0 0
1459947782353214 149 2375232 33864 69 1130496 0 0
1459947782367728 144 2374236 32680 69 1130496 0 0
1459947782382561 144 2373302 31512 69 1130496 0 0
1459947782397116 142 2370378 32282 69 1130496 0 0
1459947782412113 144 2369685 30913 69 1130496 0 0
1459947782426883 147 2372107 31251 69 1130496 0 0
1459947782442520 144 2371306 30047 69 1130496 0 0
1459947782458278 144 2370555 28872 69 1130496 0 0
1459947782474444 148 2373947 30247 69 1130496 0 0
1459947782489611 143 2372007 30174 69 1130496 0 0
1459947782505158 147 2374284 30423 69 1130496 0 0
1459947782519786 142 2371299 31319 69 1130496 0 0
1459947782535006 144 2370548 30064 69 1130496 0 0
1459947782550153 146 2371892 29445 69 1130496 0 0
1459947782564905 145 2372128 27826 69 1130496 0 0
1459947782580435 144 2371326 26837 69 1130496 0 0
1459947782594183 142 2368526 27783 69 1130496 0 0
1459947782607506 139 2362829 31386 69 1130496 0 0
1459947782621741 144 2362608 29631 69 1130496 0 0
1459947782636970 146 2364449 29504 69 1130496 0 0
1459947782650131 136 2355934 35641 69 1130496 0 0
1459947782665308 145 2357168 34570 69 1130496 0 0
1459947782679808 146 2359349 34453 69 1130496 0 0
1459947782693639 141 2356273 35182 69 1130496 0 0
1459947782707130 138 2350317 38565 69 1130496 0 0
1459947782723304 146 2352926 38600 69 1130496 0 0
1459947782739638 146 2355372 38480 69 1130496 0 0
1459947782755653 147 2358689 39184 69 1130496 0 0
1459947782769676 141 2355654 39579 69 1130496 0 0
1459947782784910 148 2359977 41158 69 1130496 0 0
1459947782799584 143 2358910 39584 69 1130496 0 0
1459947782813495 140 2354838 40927 69 1130496 0 0
1459947782828559 145 2356140 39590 69 1130496 0 0
1459947782843028 146 2358385 39219 69 1130496 0 0
1459947782856893 143 2357417 37673 69 1130496 0 0
1459947782871240 145 2358558 36388 69 1130496 0 0
1459947782885634 143 2357580 35029 69 1130496 0 0
1459947782900896 146 2359735 34859 69 1130496 0 0
1459947782916046 147 2362779 35534 69 1130496 0 0
1459947782930548 141 2359489 36397 69 1130496 0 0
1459947782944999 146 2361524 36030 69 1130496 0 0
1459947782960676 145 2362408 34607 69 1130496 0 0
1459947782975863 144 2362213 32626 69 1130496 0 0
1459947782991876 145 2363054 31375 69 1130496 0 0
1459947783008273 149 2367939 33993 69 1130496 0 0
1459947783023460 145 2368422 32321 69 1130496 0 0
1459947783038770 147 2370923 32645 69 1130496 0 0
1459947783054880 149 2375316 34722 69 1130496 0 0
1459947783069872 144 2374314 33489 69 1130496 0 0
1459947783085428 146 2375423 32435 69 1130496 0 0
1459947783100522 145 2375439 30422 69 1130496 0 0
1459947783114239 145 2375454 28534 69 1130496 0 0
1459947783128547 140 2370348 31536 69 1130496 0 0
1459947783143897 144 2369657 30212 69 1130496 0 0
1459947783158241 140 2364913 32770 69 1130496 0 0
1459947783173533 144 2364561 31050 69 1130496 0 0
1459947783187870 142 2362183 31337 69 1130496 0 0
1459947783201557 144 2362002 29547 69 1130496 0 0
1459947783216278 145 2362856 28501 69 1130496 0 0
1459947783231013 147 2365705 29390 69 1130496 0 0
1459947783244182 136 2357112 35608 69 1130496 0 0
1459947783259067 143 2356224 34214 69 1130496 0 0
1459947783275066 148 2360512 36095 69 1130496 0 0
1459947783290455 144 2360436 33910 69 1130496 0 0
1459947783306290 150 2366508 37483 69 1130496 0 0
1459947783319458 140 2361961 39402 69 1130496 0 0
1459947783335075 147 2364866 39662 69 1130496 0 0
1459947783350533 147 2367589 39736 69 1130496 0 0
1459947783364727 142 2365022 39657 69 1130496 0 0
1459947783378647 139 2359544 42313 69 1130496 0 0
1459947783393058 141 2356456 42562 69 1130496 0 0
1459947783408648 146 2358681 41987 69 1130496 0 0
1459947783423768 142 2356671 41245 69 1130496 0 0
1459947783437736 142 2354787 40433 69 1130496 0 0
1459947783452393 145 2356092 39129 69 1130496 0 0
1459947783466843 142 2354244 38415 69 1130496 0 0
1459947783483524 148 2358655 40150 69 1130496 0 0
1459947783502269 163 2358655 40150 69 1130496 0 1
1459947783520790 161 2358655 40150 69 1130496 0 1
1459947783537531 154 2358655 40150 69 1130496 0 1
1459947783553931 153 2367911 46317 69 1130496 0 0
1459947783571080 158 2367911 46317 69 1130496 0 1
1459947783588434 160 2367911 46317 69 1130496 0 1
1459947783605174 152 2375564 50597 69 1130496 0 0
1459947783621607 156 2386835 58000 69 1130496 0 0
1459947783639177 160 2386835 58000 69 1130496 0 1
1459947783655181 157 2398425 65241 69 1130496 0 0
1459947783672463 158 2410315 72310 69 1130496 0 0
1459947783690281 159 2422486 79200 69 1130496 0 0
1459947783707970 159 2433896 84947 69 1130496 0 0
1459947783721812 143 2428209 84968 69 1130496 0 0
1459947783730115 144 2423901 83694 69 1130496 0 0
1459947783746176 149 2424983 79477 69 1130496 0 0
1459947783763002 157 2434189 83140 69 1130496 0 0
1459947783779557 155 2440772 84114 69 1130496 0 0
1459947783794690 152 2443871 81762 69 1130496 0 0
1459947783810569 150 2444729 77455 69 1130496 0 0
1459947783827663 155 2450653 78168 69 1130496 0 0
1459947783842859 151 2452111 74649 69 1130496 0 0
1459947783857602 150 2452454 70304 69 1130496 0 0
1459947783874277 152 2454823 68131 69 1130496 0 0
1459947783890588 154 2459092 67874 69 1130496 0 0
1459947783907862 157 2466166 70263 69 1130496 0 0
1459947783923932 153 2468702 68249 69 1130496 0 0
1459947783940964 155 2473128 68132 69 1130496 0 0
1459947783957869 155 2477277 67763 69 1130496 0 0
1459947783973043 152 2478095 64294 69 1130496 0 0
1459947783989659 158 2485006 66754 69 1130496 0 0
1459947784006190 157 2490461 67695 69 1130496 0 0
1459947784022833 158 2496599 69218 69 1130496 0 0
1459947784038659 155 2499281 67405 69 1130496 0 0
1459947784057225 163 2509987 73229 69 1130496 0 0
1459947784074904 162 2519000 77102 69 1130496 0 0
1459947784091844 156 2521306 74445 69 1130496 0 0
1459947784108411 157 2524492 72779 69 1130496 0 0
1459947784125702 160 2530551 73910 69 1130496 0 0
1459947784143068 161 2537255 75575 69 1130496 0 0
1459947784159989 157 2539444 72903 69 1130496 0 0
1459947784177922 159 2543544 72190 69 1130496 0 0
1459947784196127 162 2550460 74162 69 1130496 0 0
1459947784213501 159 2553872 72725 69 1130496 0 0
1459947784230933 154 2551951 69979 69 1130496 0 0
1459947784246245 150 2546054 71133 69 1130496 0 0
1459947784262958 151 2541549 70909 69 1130496 0 0
1459947784279660 152 2538350 69475 69 1130496 0 0
1459947784293471 139 2522039 80423 69 1130496 0 0
1459947784309498 152 2520059 77251 69 1130496 0 0
1459947784324523 146 2512059 79921 69 1130496 0 0
1459947784340766 153 2511727 75235 69 1130496 0 0
1459947784354547 139 2497080 84263 69 1130496 0 0
1459947784368267 143 2487444 88029 69 1130496 0 0
1459947784383426 144 2479434 90035 69 1130496 0 0
1459947784398480 144 2471925 91446 69 1130496 0 0
1459947784411463 137 2457717 99049 69 1130496 0 0
1459947784425904 142 2449517 100544 69 1130496 0 0
1459947784441002 143 2442854 100506 69 1130496 0 0
1459947784456260 144 2437631 99119 69 1130496 0 0
1459947784472185 145 2433759 96553 69 1130496 0 0
1459947784486772 143 2428081 95841 69 1130496 0 0
1459947784502119 145 2424805 92920 69 1130496 0 0
1459947784517398 143 2419686 91910 69 1130496 0 0
1459947784532124 148 2420007 86466 69 1130496 0 0
1459947784548118 144 2416212 84618 69 1130496 0 0
1459947784562746 143 2411630 83623 69 1130496 0 0
1459947784577141 145 2409383 80502 69 1130496 0 0
1459947784591745 145 2407276 77444 69 1130496 0 0
1459947784606831 146 2406325 73494 69 1130496 0 0
1459947784621373 142 2401337 73575 69 1130496 0 0
1459947784636092 144 2398709 71439 69 1130496 0 0
1459947784651241 145 2397269 68323 69 1130496 0 0
1459947784665974 145 2395919 65316 69 1130496 0 0
1459947784680564 142 2391582 65298 69 1130496 0 0
1459947784695807 143 2388540 64067 69 1130496 0 0
1459947784710382 143 2385688 62735 69 1130496 0 0
1459947784724440 139 2378918 65160 69 1130496 0 0
1459947784740689 149 2382811 64737 69 1130496 0 0
1459947784756353 143 2380317 63027 69 1130496 0 0
1459947784772175 147 2382075 60735 69 1130496 0 0
1459947784785874 141 2377579 61153 69 1130496 0 0
1459947784800711 143 2375412 59361 69 1130496 0 0
1459947784815968 143 2373380 57554 69 1130496 0 0
1459947784830099 139 2367379 59581 69 1130496 0 0
1459947784844046 137 2359705 63050 69 1130496 0 0
1459947784859225 144 2359679 59132 69 1130496 0 0
1459947784873369 143 2358631 56418 69 1130496 0 0
1459947784889172 146 2360720 54850 69 1130496 0 0
1459947784903954 141 2357559 54384 69 1130496 0 0
1459947784919133 148 2361763 54926 69 1130496 0 0
1459947784933621 139 2356488 56437 69 1130496 0 0
1459947784949139 146 2358711 54993 69 1130496 0 0
1459947784962825 138 2352603 57280 69 1130496 0 0
1459947784978229 145 2354045 55052 69 1130496 0 0
1459947784993641 148 2358469 55758 69 1130496 0 0
1459947785008214 143 2357496 53184 69 1130496 0 0
1459947785021961 138 2351464 55514 69 1130496 0 0
1459947785033451 125 2332497 69825 69 1130496 0 0
1459947785048686 143 2333147 66070 69 1130496 0 0
1459947785064501 149 2339901 68272 69 1130496 0 0
1459947785078449 138 2334969 68628 69 1130496 0 0
1459947785093204 144 2336489 65763 69 1130496 0 0
1459947785107925 144 2337914 62988 69 1130496 0 0
1459947785122237 142 2337202 59718 69 1130496 0 0
1459947785138307 150 2344726 63039 69 1130496 0 0
1459947785153043 143 2344612 59205 69 1130496 0 0
1459947785168409 146 2347577 58284 69 1130496 0 0
1459947785184092 145 2349333 56287 69 1130496 0 0
1459947785199008 143 2348931 53145 69 1130496 0 0
1459947785214818 147 2352650 53310 69 1130496 0 0
1459947785228951 142 2351017 51508 69 1130496 0 0
1459947785246255 150 2357678 54533 69 1130496 0 0
1459947785261484 147 2360851 54098 69 1130496 0 0
1459947785278351 149 2365873 55424 69 1130496 0 0
1459947785293278 144 2365461 52345 69 1130496 0 0
1459947785306461 139 2359955 54234 69 1130496 0 0
1459947785322302 148 2364009 54645 69 1130496 0 0
1459947785338085 148 2367810 54792 69 1130496 0 0
1459947785353903 151 2374445 57588 69 1130496 0 0
1459947785369687 141 2370426 57755 69 1130496 0 0
1459947785385721 148 2373826 57332 69 1130496 0 0
1459947785401034 142 2370869 56519 69 1130496 0 0
1459947785415286 143 2369121 54624 69 1130496 0 0
1459947785430393 148 2372602 54474 69 1130496 0 0
1459947785445191 144 2371770 51848 69 1130496 0 0
1459947785460777 148 2375086 51716 69 1130496 0 0
1459947785475590 145 2375123 48517 69 1130496 0 0
1459947785489279 133 2362869 56971 69 1130496 0 0
1459947785504620 145 2363669 54160 69 1130496 0 0
1459947785520142 144 2363395 51031 69 1130496 0 0
1459947785535260 146 2365186 49520 69 1130496 0 0
1459947785549935 142 2362769 48690 69 1130496 0 0
1459947785566205 149 2367671 50242 69 1130496 0 0
1459947785581267 144 2367147 47591 69 1130496 0 0
1459947785595693 140 2362560 48916 69 1130496 0 0
1459947785609250 138 2356212 51809 69 1130496 0 0
1459947785624566 144 2356404 48750 69 1130496 0 0
1459947785639756 149 2361704 50672 69 1130496 0 0
1459947785655536 145 2362577 48323 69 1130496 0 0
1459947785671919 147 2365443 47989 69 1130496 0 0
1459947785686544 143 2364034 46309 69 1130496 0 0
1459947785701966 145 2364761 44096 69 1130496 0 0
1459947785718601 149 2369539 45819 69 1130496 0 0
1459947785734017 143 2367874 44515 69 1130496 0 0
1459947785749862 145 2368361 42189 69 1130496 0 0
1459947785766159 147 2370866 41900 69 1130496 0 0
1459947785782587 147 2373214 41483 69 1130496 0 0
1459947785797694 144 2372344 39705 69 1130496 0 0
1459947785812197 141 2368456 40867 69 1130496 0 0
1459947785827005 142 2365835 40768 69 1130496 0 0
1459947785842575 144 2365426 38603 69 1130496 0 0
1459947785857708 144 2365042 36549 69 1130496 0 0
1459947785872930 144 2364682 34600 69 1130496 0 0
1459947785887960 145 2365369 33081 69 1130496 0 0
1459947785903278 144 2364989 31368 69 1130496 0 0
1459947785917755 144 2364633 29740 69 1130496 0 0
1459947785932347 144 2364299 28193 69 1130496 0 0
1459947785947853 147 2367058 29016 69 1130496 0 0
1459947785963510 146 2368620 28667 69 1130496 0 0
1459947785978301 143 2367013 28381 69 1130496 0 0
1459947785993878 148 2370626 29994 69 1130496 0 0
1459947786010511 147 2372989 30335 69 1130496 0 0
1459947786026782 148 2376229 31476 69 1130496 0 0
1459947786042480 146 2377218 30435 69 1130496 0 0
1459947786059512 149 2381217 32281 69 1130496 0 0
1459947786075296 146 2381894 30898 69 1130496 0 0
1459947786092103 148 2384577 31481 69 1130496 0 0
1459947786107895 145 2384020 30034 69 1130496 0 0
1459947786124349 148 2386570 30547 69 1130496 0 0
1459947786138569 141 2381793 33115 69 1130496 0 0
1459947786153153 144 2380386 32363 69 1130496 0 0
1459947786167313 143 2378043 32535 69 1130496 0 0
1459947786180526 133 2365607 42159 69 1130496 0 0
1459947786194859 140 2361116 43733 69 1130496 0 0
1459947786209115 142 2358954 43025 69 1130496 0 0
1459947786223167 145 2359999 41315 69 1130496 0 0
1459947786238250 143 2358931 39733 69 1130496 0 0
1459947786253634 146 2361001 39190 69 1130496 0 0
1459947786269450 145 2361918 37600 69 1130496 0 0
1459947786285355 148 2365850 38936 69 1130496 0 0
1459947786299697 143 2364416 37846 69 1130496 0 0
1459947786313989 143 2363072 36740 69 1130496 0 0
1459947786329161 146 2364884 36141 69 1130496 0 0
1459947786342714 140 2360438 38049 69 1130496 0 0
1459947786357610 145 2361390 36563 69 1130496 0 0
1459947786370257 134 2351019 43999 69 1130496 0 0
1459947786384836 143 2350512 41724 69 1130496 0 0
1459947786401023 147 2354133 42510 69 1130496 0 0
1459947786414825 142 2352407 41470 69 1130496 0 0
1459947786428919 141 2349765 41354 69 1130496 0 0
1459947786442440 137 2343192 44930 69 1130496 0 0
1459947786456988 142 2342150 43097 69 1130496 0 0
1459947786471075 142 2341173 41318 69 1130496 0 0
1459947786485884 142 2340257 39593 69 1130496 0 0
1459947786500212 144 2341446 38233 69 1130496 0 0
1459947786515919 147 2345633 39768 69 1130496 0 0
1459947786531749 145 2347510 39042 69 1130496 0 0
1459947786547160 147 2351318 40171 69 1130496 0 0
1459947786562997 146 2353864 40047 69 1130496 0 0
1459947786578974 147 2357275 40742 69 1130496 0 0
1459947786593823 145 2358425 39273 69 1130496 0 0
1459947786609093 145 2359503 37829 69 1130496 0 0
1459947786624605 145 2360514 36411 69 1130496 0 0
1459947786639828 144 2360437 34206 69 1130496 0 0
1459947786656098 146 2362413 33921 69 1130496 0 0
1459947786671966 143 2361194 32942 69 1130496 0 0
1459947786686749 146 2363123 32691 69 1130496 0 0
1459947786702806 147 2365955 33302 69 1130496 0 0
1459947786718694 146 2367586 32749 69 1130496 0 0
1459947786734607 147 2370139 33096 69 1130496 0 0
1459947786750469 147 2372533 33271 69 1130496 0 0
1459947786765763 146 2373753 32335 69 1130496 0 0
1459947786781200 148 2376945 33306 69 1130496 0 0
1459947786797968 148 2379937 34029 69 1130496 0 0
1459947786813498 146 2380694 32612 69 1130496 0 0
1459947786827431 140 2375260 35666 69 1130496 0 0
1459947786842042 143 2373238 35331 69 1130496 0 0
1459947786857514 145 2373390 33265 69 1130496 0 0
1459947786873026 146 2374557 32279 69 1130496 0 0
1459947786886483 139 2368483 35955 69 1130496 0 0
1459947786901553 147 2370980 36048 69 1130496 0 0
1459947786916931 145 2371273 34070 69 1130496 0 0
1459947786931949 145 2371548 32198 69 1130496 0 0
1459947786946768 146 2372830 31387 69 1130496 0 0
1459947786962342 145 2373008 29592 69 1130496 0 0
1459947786977204 144 2372151 28545 69 1130496 0 0
1459947786991790 143 2370323 28473 69 1130496 0 0
1459947787007396 143 2368609 28299 69 1130496 0 0
1459947787022437 143 2367002 28035 69 1130496 0 0
1459947787038111 145 2367544 26790 69 1130496 0 0
1459947787054431 148 2371124 28471 69 1130496 0 0
1459947787069986 145 2371408 26958 69 1130496 0 0
1459947787084909 144 2370651 25982 69 1130496 0 0
1459947787099611 144 2369941 25023 69 1130496 0 0
1459947787114513 143 2368251 25042 69 1130496 0 0
1459947787128614 145 2368715 23911 69 1130496 0 0
1459947787141534 140 2364030 26807 69 1130496 0 0
1459947787156815 143 2362710 26368 69 1130496 0 0
1459947787172908 147 2365568 27400 69 1130496 0 0
1459947787186799 142 2363128 27974 69 1130496 0 0
1459947787201244 144 2362888 26449 69 1130496 0 0
1459947787216642 147 2365735 27464 69 1130496 0 0
1459947787231267 145 2366356 26329 69 1130496 0 0
1459947787247924 150 2372058 30029 69 1130496 0 0
1459947787263948 146 2373308 29324 69 1130496 0 0
1459947787279948 146 2374480 28590 69 1130496 0 0
1459947787295136 144 2373531 27692 69 1130496 0 0
1459947787310507 144 2372641 26795 69 1130496 0 0
1459947787326382 147 2374878 27218 69 1130496 0 0
1459947787341912 144 2373904 26429 69 1130496 0 0
1459947787357980 147 2376063 26801 69 1130496 0 0
1459947787372459 140 2370919 29947 69 1130496 0 0
1459947787387427 141 2367120 31636 69 1130496 0 0
1459947787402338 144 2366631 30116 69 1130496 0 0
1459947787416803 138 2360028 34422 69 1130496 0 0
1459947787431919 143 2358958 33272 69 1130496 0 0
1459947787449084 146 2361027 33131 69 1130496 0 0
1459947787465780 149 2366038 35758 69 1130496 0 0
1459947787481587 144 2365616 33918 69 1130496 0 0
1459947787497312 146 2367269 33347 69 1130496 0 0
1459947787513750 149 2371890 35594 69 1130496 0 0
1459947787530726 147 2374174 35511 69 1130496 0 0
1459947787546153 146 2375292 34339 69 1130496 0 0
1459947787561545 147 2377364 34134 69 1130496 0 0
1459947787578042 149 2381354 35741 69 1130496 0 0
1459947787592982 142 2377927 36719 69 1130496 0 0
1459947787607601 146 2378810 35252 69 1130496 0 0
1459947787623036 145 2378614 33231 69 1130496 0 0
1459947787638247 145 2378430 31325 69 1130496 0 0
1459947787653775 146 2379282 30165 69 1130496 0 0
1459947787669913 146 2380080 29028 69 1130496 0 0
1459947787684594 143 2377757 29390 69 1130496 0 0
1459947787700290 146 2378651 28391 69 1130496 0 0
1459947787714807 143 2376417 28710 69 1130496 0 0
1459947787731319 148 2379442 29751 69 1130496 0 0
1459947787746370 143 2377158 30031 69 1130496 0 0
1459947787762028 145 2377065 28240 69 1130496 0 0
1459947787779000 149 2381074 30233 69 1130496 0 0
1459947787792921 139 2374592 34419 69 1130496 0 0
1459947787808420 145 2374660 32330 69 1130496 0 0
1459947787822671 144 2373699 31209 69 1130496 0 0
1459947787838060 145 2373822 29374 69 1130496 0 0
1459947787852660 144 2372914 28389 69 1130496 0 0
1459947787867139 141 2368990 30291 69 1130496 0 0
1459947787882685 149 2373504 32629 69 1130496 0 0
1459947787897964 144 2372616 31421 69 1130496 0 0
1459947787912087 139 2366663 35037 69 1130496 0 0
1459947787926199 139 2361082 38078 69 1130496 0 0
1459947787940857 142 2358922 37722 69 1130496 0 0
1459947787956138 144 2358945 35385 69 1130496 0 0
1459947787968753 134 2348726 42752 69 1130496 0 0
1459947787983683 150 2355530 46459 69 1130496 0 0
1459947787999161 145 2356789 44735 69 1130496 0 0
1459947788014065 143 2355921 42752 69 1130496 0 0
1459947788030145 149 2361251 45077 69 1130496 0 0
1459947788045246 145 2362152 43104 69 1130496 0 0
1459947788061718 150 2368117 46002 69 1130496 0 0
1459947788077852 143 2366541 44602 69 1130496 0 0
1459947788093589 147 2369160 44269 69 1130496 0 0
1459947788108957 145 2369567 41884 69 1130496 0 0
1459947788124562 147 2371997 41544 69 1130496 0 0
1459947788141600 147 2374275 41082 69 1130496 0 0
1459947788155189 138 2367194 45151 69 1130496 0 0
1459947788169040 143 2365676 43751 69 1130496 0 0
1459947788183505 140 2361181 45229 69 1130496 0 0
1459947788197839 138 2354919 48272 69 1130496 0 0
1459947788212701 143 2354168 45958 69 1130496 0 0
1459947788228365 146 2356536 45305 69 1130496 0 0
1459947788242899 146 2358756 44554 69 1130496 0 0
1459947788257020 140 2354693 45577 69 1130496 0 0
1459947788272713 148 2359076 46837 69 1130496 0 0
1459947788286852 145 2360113 44881 69 1130496 0 0
1459947788302725 148 2364157 45867 69 1130496 0 0
1459947788317894 144 2363853 43284 69 1130496 0 0
1459947788332279 143 2362544 41805 69 1130496 0 0
1459947788348762 149 2367461 43801 69 1130496 0 0
1459947788362410 138 2360806 47301 69 1130496 0 0
1459947788377379 149 2365831 49055 69 1130496 0 0
1459947788392508 145 2366446 46566 69 1130496 0 0
1459947788406461 139 2360879 48873 69 1130496 0 0
1459947788421340 146 2362828 47645 69 1130496 0 0
1459947788436998 142 2360559 46793 69 1130496 0 0
1459947788452689 148 2364576 47634 69 1130496 0 0
1459947788467743 144 2364246 44965 69 1130496 0 0
1459947788481817 138 2357792 48204 69 1130496 0 0
1459947788496842 142 2355838 47022 69 1130496 0 0
1459947788511886 143 2355030 44840 69 1130496 0 0
1459947788528246 148 2359392 46127 69 1130496 0 0
1459947788544334 147 2362458 46118 69 1130496 0 0
1459947788557815 141 2359188 46300 69 1130496 0 0
1459947788573502 148 2363290 47252 69 1130496 0 0
1459947788589474 147 2366112 46944 69 1130496 0 0
1459947788603776 145 2366710 44570 69 1130496 0 0
1459947788618330 141 2363174 45098 69 1130496 0 0
1459947788632385 142 2360883 44426 69 1130496 0 0
1459947788647964 147 2363855 44436 69 1130496 0 0
1459947788663000 144 2363570 41925 69 1130496 0 0
1459947788678791 149 2368422 43853 69 1130496 0 0
1459947788693767 144 2367851 41646 69 1130496 0 0
1459947788706976 138 2361172 45304 69 1130496 0 0
1459947788720986 140 2356958 46421 69 1130496 0 0
1459947788737121 146 2359152 45576 69 1130496 0 0
1459947788753018 147 2362233 45615 69 1130496 0 0
1459947788768504 145 2363073 43551 69 1130496 0 0
1459947788784507 146 2364884 42527 69 1130496 0 0
1459947788799511 146 2366582 41461 69 1130496 0 0
1459947788814103 141 2363054 42175 69 1130496 0 0
1459947788827166 139 2357699 44559 69 1130496 0 0
1459947788840683 140 2353702 45520 69 1130496 0 0
1459947788856705 147 2357123 45882 69 1130496 0 0
1459947788872125 145 2358282 44101 69 1130496 0 0
1459947788887717 144 2358345 41403 69 1130496 0 0
1459947788902355 147 2361476 41750 69 1130496 0 0
1459947788917806 145 2362363 39972 69 1130496 0 0
1459947788932467 146 2364219 39213 69 1130496 0 0
1459947788947679 143 2362887 38010 69 1130496 0 0
1459947788963134 145 2363686 36383 69 1130496 0 0
1459947788979342 148 2367507 37691 69 1130496 0 0
1459947788994485 144 2366993 35816 69 1130496 0 0
1459947789009999 148 2370607 36966 69 1130496 0 0
1459947789023571 142 2367852 37237 69 1130496 0 0
1459947789038087 142 2365269 37330 69 1130496 0 0
1459947789053459 148 2368991 38486 69 1130496 0 0
1459947789069300 148 2372481 39351 69 1130496 0 0
1459947789083823 146 2373704 38038 69 1130496 0 0
1459947789098931 144 2372803 36504 69 1130496 0 0
1459947789112967 142 2369910 36933 69 1130496 0 0
1459947789127400 142 2367198 37165 69 1130496 0 0
1459947789141644 143 2365680 36265 69 1130496 0 0
1459947789155407 143 2364257 35332 69 1130496 0 0
1459947789169452 142 2361898 35333 69 1130496 0 0
1459947789183546 145 2362759 33931 69 1130496 0 0
1459947789198689 147 2365614 34487 69 1130496 0 0
1459947789214513 147 2368291 34840 69 1130496 0 0
1459947789229792 147 2370800 35015 69 1130496 0 0
1459947789244224 142 2368033 35420 69 1130496 0 0
1459947789259296 148 2371582 36534 69 1130496 0 0
1459947789275206 148 2374910 37370 69 1130496 0 0
1459947789290415 148 2378030 37959 69 1130496 0 0
1459947789304907 143 2375835 37643 69 1130496 0 0
1459947789319169 139 2369681 41059 69 1130496 0 0
1459947789334710 146 2371079 39803 69 1130496 0 0
1459947789350198 145 2371366 37584 69 1130496 0 0
1459947789366237 148 2374707 38367 69 1130496 0 0
1459947789382108 145 2374767 36026 69 1130496 0 0
1459947789396707 145 2374824 33827 69 1130496 0 0
1459947789411750 146 2375901 32722 69 1130496 0 0
1459947789426001 145 2375887 30688 69 1130496 0 0
1459947789441259 149 2379970 32597 69 1130496 0 0
1459947789455131 140 2374581 35610 69 1130496 0 0
1459947789469355 145 2374649 33448 69 1130496 0 0
1459947789484831 148 2377785 34297 69 1130496 0 0
1459947789499240 140 2372533 37076 69 1130496 0 0
1459947789513114 143 2370681 36493 69 1130496 0 0
1459947789527281 139 2364849 39679 69 1130496 0 0
1459947789541685 146 2366549 38793 69 1130496 0 0
1459947789556143 142 2364047 38712 69 1130496 0 0
1459947789571862 147 2366822 38893 69 1130496 0 0
1459947789586450 142 2364303 38822 69 1130496 0 0
1459947789602354 148 2368086 39941 69 1130496 0 0
1459947789616347 141 2364464 40839 69 1130496 0 0
1459947789630796 146 2366189 39903 69 1130496 0 0
1459947789645607 145 2366782 37965 69 1130496 0 0
1459947789660167 146 2368362 37073 69 1130496 0 0
1459947789673967 144 2367795 35286 69 1130496 0 0
1459947789688383 146 2369311 34502 69 1130496 0 0
1459947789701885 142 2366637 34851 69 1130496 0 0
1459947789714236 134 2355938 42702 69 1130496 0 0
1459947789727305 134 2345907 49436 69 1130496 0 0
1459947789738189 129 2331383 59961 69 1130496 0 0
1459947789753229 146 2335175 59768 69 1130496 0 0
1459947789769240 148 2340778 61285 69 1130496 0 0
1459947789784756 146 2343983 60459 69 1130496 0 0
1459947789799463 143 2343916 56742 69 1130496 0 0
1459947789815265 145 2345901 55056 69 1130496 0 0
1459947789829859 144 2346738 52399 69 1130496 0 0
1459947789845088 147 2350594 52739 69 1130496 0 0
1459947789860157 147 2354209 52831 69 1130496 0 0
1459947789875996 149 2359646 54627 69 1130496 0 0
1459947789890889 143 2358600 52192 69 1130496 0 0
1459947789905877 145 2359667 49930 69 1130496 0 0
1459947789921263 148 2363739 50627 69 1130496 0 0
1459947789935999 142 2361413 49642 69 1130496 0 0
1459947789950751 145 2362304 47375 69 1130496 0 0
1459947789965115 143 2361092 45550 69 1130496 0 0
1459947789980536 146 2363027 44517 69 1130496 0 0
1459947789996090 149 2367913 46315 69 1130496 0 0
1459947790010465 144 2367374 43924 69 1130496 0 0
1459947790025985 149 2371989 45504 69 1130496 0 0
1459947790041129 146 2373243 43836 69 1130496 0 0
1459947790055406 144 2372371 41913 69 1130496 0 0
1459947790070235 148 2375649 42366 69 1130496 0 0
1459947790084483 143 2373602 41636 69 1130496 0 0
1459947790098917 145 2373731 39154 69 1130496 0 0
1459947790113739 146 2374876 37780 69 1130496 0 0
1459947790128272 146 2375950 36425 69 1130496 0 0
1459947790143328 145 2375933 34163 69 1130496 0 0
1459947790157395 143 2373869 33961 69 1130496 0 0
1459947790171237 141 2369886 35571 69 1130496 0 0
1459947790184927 142 2367176 35887 69 1130496 0 0
1459947790199258 143 2365659 35065 69 1130496 0 0
1459947790214819 145 2366285 33460 69 1130496 0 0
1459947790230407 147 2368920 33838 69 1130496 0 0
1459947790245466 146 2370366 33079 69 1130496 0 0
1459947790260150 146 2371722 32282 69 1130496 0 0
1459947790275037 147 2374017 32415 69 1130496 0 0
1459947790289812 146 2375144 31446 69 1130496 0 0
1459947790304859 146 2376201 30471 69 1130496 0 0
1459947790320143 146 2377192 29495 69 1130496 0 0
1459947790335683 146 2378121 28522 69 1130496 0 0
1459947790351460 146 2378992 27556 69 1130496 0 0
1459947790366157 143 2376737 27947 69 1130496 0 0
1459947790381035 146 2377694 27098 69 1130496 0 0
1459947790395915 146 2378592 26246 69 1130496 0 0
1459947790410992 147 2380458 26354 69 1130496 0 0
1459947790425276 144 2379135 25945 69 1130496 0 0
1459947790440257 145 2378919 24525 69 1130496 0 0
1459947790455030 144 2377692 24141 69 1130496 0 0
1459947790469493 143 2375518 24669 69 1130496 0 0
1459947790485719 146 2376552 24096 69 1130496 0 0
1459947790501408 145 2376497 22641 69 1130496 0 0
1459947790516404 145 2376445 21272 69 1130496 0 0
1459947790530340 143 2374349 21906 69 1130496 0 0
1459947790545016 142 2371360 23338 69 1130496 0 0
1459947790560278 146 2372654 23092 69 1130496 0 0
1459947790573836 140 2367723 26270 69 1130496 0 0
1459947790589299 146 2369244 26054 69 1130496 0 0
1459947790604095 145 2369646 24802 69 1130496 0 0
1459947790619044 144 2368999 23857 69 1130496 0 0
1459947790633948 141 2365320 25813 69 1130496 0 0
1459947790649280 147 2368015 26726 69 1130496 0 0
1459947790663747 146 2369518 26464 69 1130496 0 0
1459947790678312 147 2371951 27091 69 1130496 0 0
1459947790692911 142 2369112 28058 69 1130496 0 0
1459947790706986 146 2370546 27648 69 1130496 0 0
1459947790721668 146 2371890 27180 69 1130496 0 0
1459947790738007 148 2375198 28583 69 1130496 0 0
1459947790753798 144 2374204 27727 69 1130496 0 0
1459947790769778 145 2374296 26080 69 1130496 0 0
1459947790785663 148 2377454 27411 69 1130496 0 0
1459947790800826 148 2380415 28473 69 1130496 0 0
1459947790816620 148 2383191 29295 69 1130496 0 0
1459947790832391 148 2385793 29903 69 1130496 0 0
1459947790848088 148 2388232 30321 69 1130496 0 0
1459947790862893 145 2387447 29160 69 1130496 0 0
1459947790877648 146 2387735 27607 69 1130496 0 0
1459947790892021 142 2383909 29467 69 1130496 0 0
1459947790906771 146 2384418 28102 69 1130496 0 0
1459947790921525 145 2383871 26856 69 1130496 0 0
1459947790936911 146 2384383 25657 69 1130496 0 0
1459947790952420 146 2384863 24503 69 1130496 0 0
1459947790967994 146 2385313 23392 69 1130496 0 0
1459947790983536 147 2386758 23285 69 1130496 0 0
1459947790998454 144 2385041 23438 69 1130496 0 0
1459947791014868 147 2386503 23344 69 1130496 0 0
1459947791029450 145 2385826 22519 69 1130496 0 0
1459947791044344 145 2385191 21705 69 1130496 0 0
1459947791057952 140 2379476 25705 69 1130496 0 0
1459947791066927 137 2371046 32000 69 1130496 0 0
1459947791082658 146 2372359 31231 69 1130496 0 0
1459947791097380 147 2374614 31393 69 1130496 0 0
1459947791111444 140 2369560 34167 69 1130496 0 0
1459947791126162 144 2368918 32632 69 1130496 0 0
1459947791140877 145 2369340 30988 69 1130496 0 0
1459947791154556 140 2364616 33479 69 1130496 0 0
1459947791168772 140 2360187 35537 69 1130496 0 0
1459947791183443 146 2362179 35182 69 1130496 0 0
1459947791197620 145 2363022 33774 69 1130496 0 0
1459947791213401 147 2365861 34324 69 1130496 0 0
1459947791227838 144 2365450 32562 69 1130496 0 0
1459947791241928 143 2364041 31846 69 1130496 0 0
1459947791258178 147 2366816 32457 69 1130496 0 0
1459947791273984 150 2372490 35747 69 1130496 0 0
1459947791288819 144 2371665 34285 69 1130496 0 0
1459947791303428 147 2373963 34297 69 1130496 0 0
1459947791318444 148 2377142 35133 69 1130496 0 0
1459947791333591 144 2376026 33982 69 1130496 0 0
1459947791348099 145 2376004 31878 69 1130496 0 0
1459947791362858 144 2374959 30863 69 1130496 0 0
1459947791378077 147 2377052 30896 69 1130496 0 0
1459947791391981 137 2368774 36725 69 1130496 0 0
1459947791407358 145 2369205 34833 69 1130496 0 0
1459947791421295 141 2365513 36115 69 1130496 0 0
1459947791435588 139 2360004 39021 69 1130496 0 0
1459947791450969 146 2362007 38460 69 1130496 0 0
1459947791466160 141 2358765 39094 69 1130496 0 0
1459947791480596 143 2357774 37578 69 1130496 0 0
1459947791494972 142 2355821 37059 69 1130496 0 0
1459947791510203 144 2356038 34945 69 1130496 0 0
1459947791525484 147 2359313 35830 69 1130496 0 0
1459947791540069 141 2356239 36470 69 1130496 0 0
1459947791555360 146 2358478 36289 69 1130496 0 0
1459947791569983 145 2359553 35027 69 1130496 0 0
1459947791584608 145 2360560 33782 69 1130496 0 0
1459947791600350 146 2362529 33515 69 1130496 0 0
1459947791615631 142 2360278 33529 69 1130496 0 0
1459947791630926 146 2362264 33295 69 1130496 0 0
1459947791645945 146 2364126 32960 69 1130496 0 0
1459947791660996 146 2365872 32537 69 1130496 0 0
1459947791675515 145 2366485 31077 69 1130496 0 0
1459947791689442 140 2361939 33395 69 1130496 0 0
1459947791702758 143 2360749 32421 69 1130496 0 0
1459947791718460 150 2366802 36068 69 1130496 0 0
1459947791733919 148 2370428 37213 69 1130496 0 0
1459947791747633 142 2367684 37459 69 1130496 0 0
1459947791763506 149 2372279 39425 69 1130496 0 0
1459947791779417 146 2373515 38119 69 1130496 0 0
1459947791794503 146 2374674 36822 69 1130496 0 0
1459947791809634 145 2374736 34579 69 1130496 0 0
1459947791823451 143 2372747 34281 69 1130496 0 0
1459947791838550 147 2374978 34229 69 1130496 0 0
1459947791854168 147 2377069 34050 69 1130496 0 0
1459947791869281 143 2374934 33922 69 1130496 0 0
1459947791883534 143 2372932 33677 69 1130496 0 0
1459947791898522 146 2374127 32693 69 1130496 0 0
1459947791913826 148 2377296 33620 69 1130496 0 0
1459947791928980 146 2378219 32383 69 1130496 0 0
1459947791943697 141 2373964 34347 69 1130496 0 0
1459947791958741 146 2375095 33260 69 1130496 0 0
1459947791973826 149 2379227 35055 69 1130496 0 0
1459947791989028 146 2380029 33616 69 1130496 0 0
1459947792000838 135 2369517 41369 69 1130496 0 0
1459947792016762 149 2373998 42984 69 1130496 0 0
1459947792031736 145 2374103 40395 69 1130496 0 0
1459947792047147 148 2377273 40842 69 1130496 0 0
1459947792060917 145 2377173 38382 69 1130496 0 0
1459947792076424 147 2379127 37815 69 1130496 0 0
1459947792091674 148 2381983 38129 69 1130496 0 0
1459947792107379 148 2384661 38255 69 1130496 0 0
1459947792122435 145 2384099 36390 69 1130496 0 0
1459947792138220 145 2383572 34608 69 1130496 0 0
1459947792152708 145 2383078 32907 69 1130496 0 0
1459947792168300 145 2382615 31283 69 1130496 0 0
1459947792183773 145 2382181 29733 69 1130496 0 0
1459947792197385 141 2377678 32094 69 1130496 0 0
1459947792211589 140 2372433 35005 69 1130496 0 0
1459947792226514 145 2372635 33007 69 1130496 0 0
1459947792241577 146 2373849 32082 69 1130496 0 0
1459947792256969 145 2373963 30183 69 1130496 0 0
1459947792271787 143 2372022 30115 69 1130496 0 0
1459947792288415 150 2377370 33246 69 1130496 0 0
1459947792303063 145 2377264 31267 69 1130496 0 0
1459947792318742 146 2378189 30179 69 1130496 0 0
1459947792333694 147 2380080 30065 69 1130496 0 0
1459947792347884 142 2376733 31322 69 1130496 0 0
1459947792363889 147 2378715 31222 69 1130496 0 0
1459947792377981 144 2377501 30407 69 1130496 0 0
1459947792392741 144 2376363 29572 69 1130496 0 0
1459947792406389 142 2373248 30643 69 1130496 0 0
1459947792421114 142 2370328 31464 69 1130496 0 0
1459947792436886 147 2372710 31730 69 1130496 0 0
1459947792452176 146 2373919 30880 69 1130496 0 0
1459947792465283 139 2367885 34606 69 1130496 0 0
1459947792480368 144 2367348 32946 69 1130496 0 0
1459947792495713 148 2370940 34254 69 1130496 0 0
1459947792510052 143 2369188 33755 69 1130496 0 0
1459947792523798 143 2367545 33184 69 1130496 0 0
1459947792538648 145 2368053 31586 69 1130496 0 0
1459947792554348 149 2372625 33897 69 1130496 0 0
1459947792568256 141 2368719 35438 69 1130496 0 0
1459947792582288 142 2366082 35695 69 1130496 0 0
1459947792596013 139 2360537 38661 69 1130496 0 0
1459947792610110 140 2356363 40156 69 1130496 0 0
1459947792624624 145 2357570 38777 69 1130496 0 0
1459947792639410 144 2357677 36454 69 1130496 0 0
1459947792654134 142 2355730 36000 69 1130496 0 0
1459947792668866 143 2354928 34501 69 1130496 0 0
1459947792684224 146 2357249 34519 69 1130496 0 0
1459947792699937 148 2361472 36321 69 1130496 0 0
1459947792714733 143 2360312 35137 69 1130496 0 0
1459947792730512 147 2363320 35760 69 1130496 0 0
1459947792745017 142 2361020 35680 69 1130496 0 0
1459947792760836 144 2360912 33551 69 1130496 0 0
1459947792776882 147 2363883 34239 69 1130496 0 0
1459947792792831 147 2366668 34710 69 1130496 0 0
1459947792808147 144 2366207 32971 69 1130496 0 0
1459947792823098 146 2367823 32425 69 1130496 0 0
1459947792838574 146 2369338 31818 69 1130496 0 0
1459947792854975 147 2371782 32120 69 1130496 0 0
1459947792870371 146 2373049 31300 69 1130496 0 0
1459947792886263 146 2374237 30457 69 1130496 0 0
1459947792901631 144 2373303 29428 69 1130496 0 0
1459947792917022 145 2373451 27727 69 1130496 0 0
1459947792932628 142 2370518 28743 69 1130496 0 0
1459947792948905 147 2372888 29168 69 1130496 0 0
1459947792963274 141 2368966 31021 69 1130496 0 0
1459947792977425 138 2362217 35408 69 1130496 0 0
1459947792992445 142 2359986 35286 69 1130496 0 0
1459947793009017 147 2363014 35919 69 1130496 0 0
1459947793024213 142 2360733 35811 69 1130496 0 0
1459947793039278 144 2360643 33656 69 1130496 0 0
1459947793054910 146 2362606 33393 69 1130496 0 0
1459947793071512 147 2365471 33991 69 1130496 0 0
1459947793087590 148 2369181 35344 69 1130496 0 0
1459947793103245 145 2369587 33515 69 1130496 0 0
1459947793117793 144 2368943 32022 69 1130496 0 0
1459947793132533 144 2368340 30585 69 1130496 0 0
1459947793147792 148 2371870 31983 69 1130496 0 0
1459947793162578 144 2371084 30720 69 1130496 0 0
1459947793177929 145 2371371 29069 69 1130496 0 0
1459947793193874 148 2374712 30384 69 1130496 0 0
1459947793209602 147 2376820 30461 69 1130496 0 0
1459947793224925 145 2376748 28623 69 1130496 0 0
1459947793241328 145 2376681 26896 69 1130496 0 0
1459947793257916 147 2378666 27076 69 1130496 0 0
1459947793273234 146 2379503 26168 69 1130496 0 0
1459947793288659 147 2381312 26228 69 1130496 0 0
1459947793304412 147 2383008 26178 69 1130496 0 0
1459947793319980 148 2385622 26991 69 1130496 0 0
1459947793334519 142 2381928 28766 69 1130496 0 0
1459947793349005 144 2380513 28294 69 1130496 0 0
1459947793363968 144 2379186 27768 69 1130496 0 0
1459947793377987 142 2375894 29117 69 1130496 0 0
1459947793393042 142 2372808 30189 69 1130496 0 0
1459947793408120 145 2372987 28470 69 1130496 0 0
1459947793421719 135 2362915 36132 69 1130496 0 0
1459947793436886 143 2361664 35045 69 1130496 0 0
1459947793449551 135 2352300 41632 69 1130496 0 0
1459947793464313 146 2354785 41359 69 1130496 0 0
1459947793478275 139 2349946 43309 69 1130496 0 0
1459947793493447 147 2353602 44029 69 1130496 0 0
1459947793507452 141 2350885 43823 69 1130496 0 0
1459947793522387 143 2350386 41551 69 1130496 0 0
1459947793536514 141 2347870 41311 69 1130496 0 0
1459947793550515 142 2346536 39979 69 1130496 0 0
1459947793564308 141 2344261 39612 69 1130496 0 0
1459947793579395 147 2348272 40897 69 1130496 0 0
1459947793594465 147 2352033 41865 69 1130496 0 0
1459947793608582 144 2352486 39673 69 1130496 0 0
1459947793623345 143 2351887 37753 69 1130496 0 0
1459947793638148 145 2353374 36787 69 1130496 0 0
1459947793653505 146 2355792 36754 69 1130496 0 0
1459947793668393 143 2354987 35210 69 1130496 0 0
1459947793683729 142 2353208 34676 69 1130496 0 0
1459947793698657 142 2351540 34071 69 1130496 0 0
1459947793712936 145 2353048 33355 69 1130496 0 0
1459947793728778 147 2356510 34516 69 1130496 0 0
1459947793743672 145 2357708 33481 69 1130496 0 0
1459947793757813 142 2355759 33214 69 1130496 0 0
1459947793772846 144 2355980 31345 69 1130496 0 0
1459947793788623 148 2360283 33419 69 1130496 0 0
1459947793803142 144 2360221 31387 69 1130496 0 0
1459947793817765 144 2360163 29479 69 1130496 0 0
1459947793832546 146 2362156 29505 69 1130496 0 0
1459947793847018 144 2361977 27827 69 1130496 0 0
1459947793860828 145 2362833 26889 69 1130496 0 0
1459947793874692 144 2362611 25415 69 1130496 0 0
1459947793887984 141 2359331 26900 69 1130496 0 0
1459947793903290 147 2362400 28096 69 1130496 0 0
1459947793917164 142 2360158 28441 69 1130496 0 0
1459947793932737 146 2362152 28532 69 1130496 0 0
1459947793946355 140 2357877 30755 69 1130496 0 0
1459947793960482 142 2355917 30668 69 1130496 0 0
1459947793974032 145 2357152 29909 69 1130496 0 0
1459947793988352 141 2354214 30793 69 1130496 0 0
1459947794003487 145 2355555 30125 69 1130496 0 0
1459947794017521 145 2356812 29421 69 1130496 0 0
1459947794031554 144 2356967 27727 69 1130496 0 0
1459947794044971 142 2355064 27777 69 1130496 0 0
1459947794060171 147 2358400 29168 69 1130496 0 0
1459947794073851 141 2355384 30172 69 1130496 0 0
1459947794088404 145 2356652 29475 69 1130496 0 0
1459947794102288 143 2355793 28437 69 1130496 0 0
1459947794116610 146 2358059 28784 69 1130496 0 0
1459947794131023 144 2358136 27057 69 1130496 0 0
1459947794144747 142 2356160 27217 69 1130496 0 0
1459947794158920 143 2355332 26291 69 1130496 0 0
1459947794173670 145 2356603 25839 69 1130496 0 0
1459947794187999 145 2357795 25341 69 1130496 0 0
1459947794202042 145 2358912 24805 69 1130496 0 0
1459947794216090 142 2356888 25151 69 1130496 0 0
1459947794231379 146 2359086 25640 69 1130496 0 0
1459947794245989 145 2360123 25009 69 1130496 0 0
1459947794261743 146 2362119 25316 69 1130496 0 0
1459947794276313 143 2360918 24858 69 1130496 0 0
1459947794290922 146 2362864 25129 69 1130496 0 0
1459947794306620 147 2365713 26228 69 1130496 0 0
1459947794321759 144 2365311 24963 69 1130496 0 0
1459947794334452 129 2349575 38154 69 1130496 0 0
1459947794349066 141 2347110 38079 69 1130496 0 0
1459947794363044 144 2347871 36413 69 1130496 0 0
1459947794376871 142 2346537 35387 69 1130496 0 0
1459947794390600 142 2345286 34347 69 1130496 0 0
1459947794404583 144 2346161 33020 69 1130496 0 0
1459947794418487 142 2344933 32106 69 1130496 0 0
1459947794432920 145 2346854 31900 69 1130496 0 0
1459947794447381 144 2347631 30635 69 1130496 0 0
1459947794462074 144 2348360 29403 69 1130496 0 0
1459947794476123 142 2346995 28844 69 1130496 0 0
1459947794490025 142 2345715 28240 69 1130496 0 0
1459947794505114 148 2350659 31110 69 1130496 0 0
1459947794520957 145 2352222 30631 69 1130496 0 0
1459947794536075 146 2354712 31050 69 1130496 0 0
1459947794550733 143 2353974 29800 69 1130496 0 0
1459947794565717 144 2354306 28248 69 1130496 0 0
1459947794580129 140 2350521 30029 69 1130496 0 0
1459947794595847 147 2354141 31546 69 1130496 0 0
1459947794611244 143 2353439 30231 69 1130496 0 0
1459947794627504 146 2355853 30604 69 1130496 0 0
1459947794642679 146 2358116 30812 69 1130496 0 0
1459947794657531 142 2356141 30736 69 1130496 0 0
1459947794671565 144 2356338 28999 69 1130496 0 0
1459947794687600 143 2355498 27972 69 1130496 0 0
1459947794700987 138 2349591 31760 69 1130496 0 0
1459947794714398 141 2347125 32086 69 1130496 0 0
1459947794729308 145 2348909 31753 69 1130496 0 0
1459947794744650 145 2350582 31336 69 1130496 0 0
1459947794759047 145 2352150 30847 69 1130496 0 0
1459947794772627 138 2346452 34260 69 1130496 0 0
1459947794788015 145 2348278 33830 69 1130496 0 0
1459947794802272 142 2346918 32989 69 1130496 0 0
1459947794817580 146 2349739 33572 69 1130496 0 0
1459947794832216 141 2347264 33793 69 1130496 0 0
1459947794847247 145 2349040 33345 69 1130496 0 0
1459947794861374 144 2349681 31860 69 1130496 0 0
1459947794876923 143 2349257 30264 69 1130496 0 0
1459947794893053 145 2350908 29920 69 1130496 0 0
1459947794907390 144 2351432 28541 69 1130496 0 0
1459947794921762 143 2350899 27256 69 1130496 0 0
1459947794937579 147 2354495 28924 69 1130496 0 0
1459947794953352 146 2356843 29317 69 1130496 0 0
1459947794968915 144 2356996 27627 69 1130496 0 0
1459947794983789 142 2355091 27685 69 1130496 0 0
1459947794998931 145 2356377 27160 69 1130496 0 0
1459947795014422 144 2356559 25633 69 1130496 0 0
1459947795028582 140 2352634 27709 69 1130496 0 0
1459947795042562 139 2347930 30386 69 1130496 0 0
1459947795057777 145 2349664 30112 69 1130496 0 0
1459947795072368 142 2348218 29585 69 1130496 0 0
1459947795088153 145 2349934 29344 69 1130496 0 0
1459947795103442 143 2349495 27921 69 1130496 0 0
1459947795118355 144 2350107 26749 69 1130496 0 0
1459947795134180 146 2352729 27535 69 1130496 0 0
1459947795149616 147 2356211 29078 69 1130496 0 0
1459947795164491 145 2357427 28400 69 1130496 0 0
1459947795180225 146 2359591 28654 69 1130496 0 0
1459947795196319 146 2361620 28765 69 1130496 0 0
1459947795211946 145 2362498 27790 69 1130496 0 0
1459947795225381 136 2354105 33920 69 1130496 0 0
1459947795239248 139 2349309 36295 69 1130496 0 0
1459947795254708 142 2347885 35360 69 1130496 0 0
1459947795271159 146 2350646 35738 69 1130496 0 0
1459947795285641 143 2350162 33957 69 1130496 0 0
1459947795301071 146 2352780 34289 69 1130496 0 0
1459947795316057 147 2356259 35406 69 1130496 0 0
1459947795332225 148 2360544 37211 69 1130496 0 0
1459947795348143 148 2364562 38651 69 1130496 0 0
1459947795363350 144 2364232 36543 69 1130496 0 0
1459947795379048 146 2365971 35889 69 1130496 0 0
1459947795394728 147 2368625 36133 69 1130496 0 0
1459947795408838 141 2364969 37300 69 1130496 0 0
1459947795424569 144 2364614 35300 69 1130496 0 0
1459947795439731 143 2363257 34364 69 1130496 0 0
1459947795456487 147 2366081 34863 69 1130496 0 0
1459947795472154 145 2366680 33246 69 1130496 0 0
1459947795488406 147 2369290 33615 69 1130496 0 0
1459947795504726 149 2373785 35728 69 1130496 0 0
1459947795520255 144 2372879 34343 69 1130496 0 0
1459947795535814 145 2373054 32360 69 1130496 0 0
1459947795552021 147 2375266 32410 69 1130496 0 0
1459947795566277 141 2371195 34199 69 1130496 0 0
1459947795582079 146 2372499 33283 69 1130496 0 0
1459947795596852 143 2370649 32935 69 1130496 0 0
1459947795611608 144 2369939 31541 69 1130496 0 0
1459947795627701 147 2372345 31825 69 1130496 0 0
1459947795643154 144 2371529 30599 69 1130496 0 0
1459947795658448 146 2372812 29889 69 1130496 0 0
1459947795672346 137 2364799 35531 69 1130496 0 0
1459947795687341 144 2364455 33632 69 1130496 0 0
1459947795702012 145 2365156 32187 69 1130496 0 0
1459947795716428 139 2359669 35318 69 1130496 0 0
1459947795732498 145 2360669 34048 69 1130496 0 0
1459947795746961 141 2357511 34880 69 1130496 0 0
1459947795762171 146 2359670 34724 69 1130496 0 0
1459947795776450 142 2357598 34494 69 1130496 0 0
1459947795791771 146 2359752 34357 69 1130496 0 0
1459947795807957 145 2360747 33142 69 1130496 0 0
1459947795820989 135 2351440 39795 69 1130496 0 0
1459947795836270 147 2355003 40647 69 1130496 0 0
1459947795850862 142 2353223 39774 69 1130496 0 0
1459947795866200 144 2353602 37643 69 1130496 0 0
1459947795881718 141 2350885 37836 69 1130496 0 0
1459947795896314 142 2349362 36898 69 1130496 0 0
1459947795911053 144 2349982 35173 69 1130496 0 0
1459947795925889 143 2349540 33388 69 1130496 0 0
1459947795940823 145 2351173 32832 69 1130496 0 0
1459947795955372 145 2352704 32216 69 1130496 0 0
1459947795970358 147 2356188 33468 69 1130496 0 0
1459947795985216 144 2356382 31558 69 1130496 0 0
1459947796000582 145 2357588 30715 69 1130496 0 0
1459947796015229 143 2356670 29654 69 1130496 0 0
1459947796030102 144 2356834 27953 69 1130496 0 0
1459947796045932 148 2361083 30189 69 1130496 0 0
1459947796061420 146 2363019 30117 69 1130496 0 0
1459947796076500 144 2362786 28452 69 1130496 0 0
1459947796091448 145 2363591 27428 69 1130496 0 0
1459947796106833 144 2363322 25964 69 1130496 0 0
1459947796122288 147 2366142 26985 69 1130496 0 0
1459947796137234 144 2365714 25699 69 1130496 0 0
1459947796151455 139 2360192 29268 69 1130496 0 0
1459947796167051 145 2361160 28345 69 1130496 0 0
1459947796182602 144 2361043 26682 69 1130496 0 0
1459947796197268 143 2359909 26076 69 1130496 0 0
1459947796211711 142 2357822 26401 69 1130496 0 0
1459947796227323 143 2356890 25623 69 1130496 0 0
1459947796242547 145 2358064 25122 69 1130496 0 0
1459947796258136 146 2360189 25543 69 1130496 0 0
1459947796272789 145 2361157 24853 69 1130496 0 0
1459947796288319 146 2363088 25110 69 1130496 0 0
1459947796304991 148 2366947 27157 69 1130496 0 0
1459947796319828 148 2370564 28850 69 1130496 0 0
1459947796334866 146 2371907 28305 69 1130496 0 0
1459947796350478 147 2374190 28676 69 1130496 0 0
1459947796364296 142 2371211 29675 69 1130496 0 0
1459947796378545 144 2370466 28518 69 1130496 0 0
1459947796393708 145 2370791 27040 69 1130496 0 0
1459947796409131 145 2371096 25636 69 1130496 0 0
1459947796423671 144 2370358 24724 69 1130496 0 0
1459947796438199 143 2368642 24786 69 1130496 0 0
1459947796452278 141 2364985 26663 69 1130496 0 0
1459947796467096 148 2368725 28502 69 1130496 0 0
1459947796481812 143 2367111 28232 69 1130496 0 0
1459947796496807 143 2365598 27884 69 1130496 0 0
1459947796511809 145 2366228 26731 69 1130496 0 0
1459947796527474 145 2366818 25613 69 1130496 0 0
1459947796541721 145 2367371 24531 69 1130496 0 0
1459947796556621 143 2365842 24430 69 1130496 0 0
1459947796571651 142 2363384 25206 69 1130496 0 0
1459947796587340 147 2366200 26270 69 1130496 0 0
1459947796599686 138 2359624 30792 69 1130496 0 0
1459947796613179 135 2350387 37526 69 1130496 0 0
1459947796626661 140 2346847 38497 69 1130496 0 0
1459947796639132 130 2333289 48800 69 1130496 0 0
1459947796653186 139 2329794 49026 69 1130496 0 0
1459947796666356 135 2322421 52872 69 1130496 0 0
1459947796680751 142 2322677 49807 69 1130496 0 0
1459947796695912 145 2325989 49799 69 1130496 0 0
1459947796709651 140 2323974 48574 69 1130496 0 0
1459947796724808 146 2328229 49527 69 1130496 0 0
1459947796740503 144 2330170 48251 69 1130496 0 0
1459947796755177 146 2334038 48861 69 1130496 0 0
1459947796769488 144 2335616 47287 69 1130496 0 0
1459947796785090 145 2338120 46678 69 1130496 0 0
1459947796800531 148 2343539 48840 69 1130496 0 0
1459947796815587 147 2347595 49590 69 1130496 0 0
1459947796831293 145 2349350 48135 69 1130496 0 0
1459947796845830 140 2345875 48383 69 1130496 0 0
1459947796859512 140 2342617 48412 69 1130496 0 0
1459947796875202 146 2345707 48283 69 1130496 0 0
1459947796889229 140 2342460 48308 69 1130496 0 0
1459947796903591 144 2343512 46274 69 1130496 0 0
1459947796918608 145 2345522 45265 69 1130496 0 0
1459947796933443 142 2344334 43547 69 1130496 0 0
1459947796944316 118 2318645 64908 69 1130496 0 0
1459947796958261 144 2321185 63232 69 1130496 0 0
1459947796972205 142 2321518 59593 69 1130496 0 0
1459947796986513 140 2319783 57494 69 1130496 0 0
1459947797000359 142 2320204 54295 69 1130496 0 0
1459947797015121 144 2322647 53191 69 1130496 0 0
1459947797029417 140 2320841 51558 69 1130496 0 0
1459947797044708 145 2324268 51548 69 1130496 0 0
1459947797059691 138 2320313 52033 69 1130496 0 0
1459947797075135 145 2323773 52024 69 1130496 0 0
1459947797090489 145 2327017 51813 69 1130496 0 0
1459947797107431 148 2333130 54305 69 1130496 0 0
1459947797122457 142 2332717 51296 69 1130496 0 0
1459947797136655 140 2330282 50372 69 1130496 0 0
1459947797151709 146 2334143 50843 69 1130496 0 0
1459947797166376 144 2335715 49138 69 1130496 0 0
1459947797181289 145 2338212 48407 69 1130496 0 0
1459947797195646 142 2337481 46065 69 1130496 0 0
1459947797210235 144 2338844 44463 69 1130496 0 0
1459947797224708 143 2339098 41922 69 1130496 0 0
1459947797240200 143 2339336 39524 69 1130496 0 0
1459947797253807 141 2337511 38763 69 1130496 0 0
1459947797268310 141 2335800 37943 69 1130496 0 0
1459947797284332 145 2338292 37907 69 1130496 0 0
1459947797298796 140 2335508 38146 69 1130496 0 0
1459947797314196 147 2340066 40034 69 1130496 0 0
1459947797329327 142 2339219 38324 69 1130496 0 0
1459947797344653 147 2343545 39984 69 1130496 0 0
1459947797360378 148 2348625 42247 69 1130496 0 0
1459947797375030 144 2349291 40231 69 1130496 0 0
1459947797389552 144 2349916 38302 69 1130496 0 0
1459947797403209 142 2348454 37278 69 1130496 0 0
1459947797416962 138 2342987 40072 69 1130496 0 0
1459947797431207 144 2344006 38522 69 1130496 0 0
1459947797444270 139 2339841 40018 69 1130496 0 0
1459947797458843 143 2340032 37696 69 1130496 0 0
1459947797473126 144 2341236 36468 69 1130496 0 0
1459947797485227 134 2332124 42729 69 1130496 0 0
1459947797498677 134 2323582 48065 69 1130496 0 0
1459947797514679 147 2328886 50032 69 1130496 0 0
1459947797529801 145 2331810 49646 69 1130496 0 0
1459947797543398 142 2331479 46852 69 1130496 0 0
1459947797558863 143 2332193 44592 69 1130496 0 0
1459947797574077 146 2335934 45313 69 1130496 0 0
1459947797589530 147 2340466 46728 69 1130496 0 0
1459947797604084 142 2339594 44623 69 1130496 0 0
1459947797619333 143 2339801 42028 69 1130496 0 0
1459947797634871 147 2344091 43423 69 1130496 0 0
1459947797650931 149 2350161 46399 69 1130496 0 0
1459947797666352 145 2351755 44994 69 1130496 0 0
1459947797681835 148 2356322 46462 69 1130496 0 0
1459947797697159 146 2358555 45652 69 1130496 0 0
1459947797712358 146 2360649 44761 69 1130496 0 0
1459947797727953 147 2363636 44763 69 1130496 0 0
1459947797742250 143 2362340 43179 69 1130496 0 0
1459947797757431 146 2364197 42221 69 1130496 0 0
1459947797772782 144 2363890 39869 69 1130496 0 0
1459947797787327 144 2363602 37646 69 1130496 0 0
1459947797801263 136 2355140 43225 69 1130496 0 0
1459947797816643 145 2356423 41726 69 1130496 0 0
1459947797832214 146 2358650 41206 69 1130496 0 0
1459947797846830 142 2356642 40512 69 1130496 0 0
1459947797862387 145 2357831 39095 69 1130496 0 0
1459947797878157 147 2360994 39616 69 1130496 0 0
1459947797891532 141 2357815 40119 69 1130496 0 0
1459947797907588 149 2363027 42497 69 1130496 0 0
1459947797923674 145 2363817 40581 69 1130496 0 0
1459947797938503 142 2361486 40228 69 1130496 0 0
1459947797954278 146 2363397 39504 69 1130496 0 0
1459947797969290 144 2363140 37275 69 1130496 0 0
1459947797985027 146 2364947 36639 69 1130496 0 0
1459947798000974 143 2363569 35640 69 1130496 0 0
1459947798015920 142 2361253 35582 69 1130496 0 0
1459947798032057 146 2363178 35163 69 1130496 0 0
1459947798046733 139 2357815 37992 69 1130496 0 0
1459947798062806 147 2360979 38583 69 1130496 0 0
1459947798077947 144 2360873 36269 69 1130496 0 0
1459947798092854 141 2357702 36974 69 1130496 0 0
1459947798107905 140 2353705 38409 69 1130496 0 0
1459947798122741 145 2355078 37295 69 1130496 0 0
1459947798138486 147 2358413 38091 69 1130496 0 0
1459947798154272 144 2358468 35761 69 1130496 0 0
1459947798169132 142 2356471 35396 69 1130496 0 0
1459947798184809 144 2356647 33348 69 1130496 0 0
1459947798200793 147 2359884 34298 69 1130496 0 0
1459947798216986 148 2363943 35959 69 1130496 0 0
1459947798232078 144 2363652 33983 69 1130496 0 0
1459947798245317 142 2361331 34034 69 1130496 0 0
1459947798259471 142 2359155 33945 69 1130496 0 0
1459947798274795 143 2358139 32774 69 1130496 0 0
1459947798290584 148 2362307 34632 69 1130496 0 0
1459947798306547 146 2364166 34210 69 1130496 0 0
1459947798316376 140 2359765 36196 69 1130496 0 0
1459947798333253 147 2362807 36785 69 1130496 0 0
1459947798349481 147 2365659 37159 69 1130496 0 0
1459947798364731 143 2364237 36168 69 1130496 0 0
1459947798380063 144 2363928 34196 69 1130496 0 0
1459947798395538 145 2364662 32746 69 1130496 0 0
1459947798410407 146 2366374 32304 69 1130496 0 0
1459947798426117 147 2369003 32750 69 1130496 0 0
1459947798441486 143 2367372 32231 69 1130496 0 0
1459947798457711 147 2369939 32622 69 1130496 0 0
1459947798473555 145 2370297 30919 69 1130496 0 0
1459947798487319 136 2361417 37310 69 1130496 0 0
1459947798502508 146 2363332 36773 69 1130496 0 0
1459947798517416 146 2365127 36157 69 1130496 0 0
1459947798534000 147 2367834 36435 69 1130496 0 0
1459947798549276 144 2367300 34657 69 1130496 0 0
1459947798564637 144 2366799 32958 69 1130496 0 0
1459947798580618 147 2369402 33338 69 1130496 0 0
1459947798594854 140 2364674 35686 69 1130496 0 0
1459947798607901 134 2354097 43370 69 1130496 0 0
1459947798623359 146 2356469 42883 69 1130496 0 0
1459947798639421 145 2357669 41327 69 1130496 0 0
1459947798655764 145 2358794 39799 69 1130496 0 0
1459947798671096 145 2359849 38300 69 1130496 0 0
1459947798686834 144 2359814 35938 69 1130496 0 0
1459947798702806 146 2361829 35580 69 1130496 0 0
1459947798719091 147 2364742 36087 69 1130496 0 0
1459947798734953 146 2366449 35431 69 1130496 0 0
1459947798750010 145 2367025 33756 69 1130496 0 0
1459947798763874 140 2362445 35938 69 1130496 0 0
1459947798778075 143 2361224 34835 69 1130496 0 0
1459947798792883 144 2361103 32769 69 1130496 0 0
1459947798808871 146 2363038 32534 69 1130496 0 0
1459947798823894 143 2361780 31679 69 1130496 0 0
1459947798839703 144 2361624 29844 69 1130496 0 0
1459947798856137 145 2362502 28801 69 1130496 0 0
1459947798872212 147 2365373 29692 69 1130496 0 0
1459947798889441 149 2370113 32279 69 1130496 0 0
1459947798905265 146 2371484 31547 69 1130496 0 0
1459947798921684 149 2375842 33660 69 1130496 0 0
1459947798937333 147 2377879 33466 69 1130496 0 0
1459947798952380 144 2376717 32462 69 1130496 0 0
1459947798968182 147 2378700 32292 69 1130496 0 0
1459947798983672 145 2378511 30449 69 1130496 0 0
1459947798999654 148 2381406 31259 69 1130496 0 0
1459947799015285 146 2382072 29929 69 1130496 0 0
1459947799030018 143 2379624 30352 69 1130496 0 0
1459947799046880 149 2383473 32063 69 1130496 0 0
1459947799063055 147 2385033 31522 69 1130496 0 0
1459947799079912 148 2387520 31883 69 1130496 0 0
1459947799096289 148 2389852 32076 69 1130496 0 0
1459947799112130 148 2392038 32120 69 1130496 0 0
1459947799127447 146 2392039 30113 69 1130496 0 0
1459947799143077 144 2389992 30148 69 1130496 0 0
1459947799159319 147 2391145 29344 69 1130496 0 0
1459947799176108 149 2394274 30443 69 1130496 0 0
1459947799191261 140 2387991 34429 69 1130496 0 0
1459947799206719 148 2390293 34435 69 1130496 0 0
1459947799222238 145 2389379 33138 69 1130496 0 0
1459947799237959 148 2391594 33143 69 1130496 0 0
1459947799253900 148 2393671 33018 69 1130496 0 0
1459947799268659 143 2390498 33928 69 1130496 0 0
1459947799282983 142 2386499 35555 69 1130496 0 0
1459947799298901 145 2385822 33965 69 1130496 0 0
1459947799314177 147 2387236 33167 69 1130496 0 0
1459947799330010 149 2390609 34256 69 1130496 0 0
1459947799345099 144 2388651 33949 69 1130496 0 0
1459947799360979 147 2389888 32987 69 1130496 0 0
1459947799375456 141 2384904 35597 69 1130496 0 0
1459947799390871 145 2384327 33912 69 1130496 0 0
1459947799406179 146 2384810 32245 69 1130496 0 0
1459947799422386 148 2387311 32574 69 1130496 0 0
1459947799437274 143 2384536 33139 69 1130496 0 0
1459947799451455 142 2380910 34465 69 1130496 0 0
1459947799465716 138 2373415 39336 69 1130496 0 0
1459947799481527 146 2374580 37969 69 1130496 0 0
1459947799496909 146 2375672 36619 69 1130496 0 0
1459947799511662 140 2370552 39129 69 1130496 0 0
1459947799525145 130 2355512 50782 69 1130496 0 0
1459947799540515 148 2359844 51669 69 1130496 0 0
1459947799555284 145 2360833 49366 69 1130496 0 0
1459947799572143 150 2366880 51950 69 1130496 0 0
1459947799586110 143 2365382 50107 69 1130496 0 0
1459947799600769 144 2365001 47331 69 1130496 0 0
1459947799616267 147 2367716 46917 69 1130496 0 0
1459947799631310 143 2366165 45437 69 1130496 0 0
1459947799647139 146 2367783 44114 69 1130496 0 0
1459947799663396 146 2369300 42778 69 1130496 0 0
1459947799678453 145 2369698 40477 69 1130496 0 0
1459947799694175 146 2371095 39257 69 1130496 0 0
1459947799709861 148 2374453 39951 69 1130496 0 0
1459947799725152 146 2375553 38485 69 1130496 0 0
1459947799740559 144 2374536 37031 69 1130496 0 0
1459947799755676 144 2373583 35608 69 1130496 0 0
1459947799770954 145 2373714 33504 69 1130496 0 0
1459947799786374 146 2374860 32485 69 1130496 0 0
1459947799801841 148 2377983 33382 69 1130496 0 0
1459947799815724 135 2367599 41029 69 1130496 0 0
1459947799830898 147 2370152 40857 69 1130496 0 0
1459947799845521 147 2372545 40546 69 1130496 0 0
1459947799861183 148 2375812 41074 69 1130496 0 0
1459947799875866 140 2370683 43313 69 1130496 0 0
1459947799891365 145 2370995 40897 69 1130496 0 0
1459947799906132 143 2369239 39985 69 1130496 0 0
1459947799921151 145 2369641 37862 69 1130496 0 0
1459947799936055 147 2372066 37768 69 1130496 0 0
1459947799950068 139 2366147 40955 69 1130496 0 0
1459947799965201 145 2366742 38953 69 1130496 0 0
1459947799980659 146 2368324 38001 69 1130496 0 0
1459947799996733 148 2371855 38936 69 1130496 0 0
1459947800011749 141 2367998 40117 69 1130496 0 0
1459947800026890 147 2370526 39979 69 1130496 0 0
1459947800041793 145 2370848 37782 69 1130496 0 0
1459947800056531 146 2372174 36663 69 1130496 0 0
1459947800072252 144 2371369 35125 69 1130496 0 0
1459947800088715 146 2372662 34141 69 1130496 0 0
1459947800103786 142 2369778 34710 69 1130496 0 0
1459947800119847 146 2371170 33845 69 1130496 0 0
1459947800135369 144 2370427 32424 69 1130496 0 0
1459947800150692 147 2372803 32624 69 1130496 0 0
1459947800166686 147 2375030 32673 69 1130496 0 0
1459947800182284 145 2375070 30668 69 1130496 0 0
1459947800197789 145 2375108 28786 69 1130496 0 0
1459947800212756 144 2374119 27912 69 1130496 0 0
1459947800227929 147 2376264 28178 69 1130496 0 0
1459947800243211 145 2376227 26450 69 1130496 0 0
1459947800258321 146 2377216 25724 69 1130496 0 0
1459947800273255 146 2378144 24986 69 1130496 0 0
1459947800287539 144 2376966 24528 69 1130496 0 0
1459947800302938 146 2377909 23879 69 1130496 0 0
1459947800318744 147 2379817 24175 69 1130496 0 0
1459947800333671 145 2379558 22906 69 1130496 0 0
1459947800347954 143 2377267 23621 69 1130496 0 0
1459947800361513 143 2375119 24156 69 1130496 0 0
1459947800376392 142 2372082 25493 69 1130496 0 0
1459947800392700 147 2374354 26029 69 1130496 0 0
1459947800408803 144 2373412 25284 69 1130496 0 0
1459947800424683 148 2376625 26715 69 1130496 0 0
1459947800440453 145 2376565 25100 69 1130496 0 0
1459947800456130 146 2377533 24439 69 1130496 0 0
1459947800471915 148 2380489 25682 69 1130496 0 0
1459947800487126 147 2382236 25714 69 1130496 0 0
1459947800502100 144 2380802 25450 69 1130496 0 0
1459947800516105 142 2377409 27039 69 1130496 0 0
1459947800531085 144 2376276 26410 69 1130496 0 0
1459947800546899 145 2376238 24793 69 1130496 0 0
1459947800562426 147 2378251 25130 69 1130496 0 0
1459947800577747 146 2379114 24368 69 1130496 0 0
1459947800592411 140 2373779 27846 69 1130496 0 0
1459947800608732 147 2375945 28136 69 1130496 0 0
1459947800625073 148 2379000 29241 69 1130496 0 0
1459947800640316 144 2377768 28567 69 1130496 0 0
1459947800655367 143 2375589 28823 69 1130496 0 0
1459947800669654 138 2368426 33735 69 1130496 0 0
1459947800684972 144 2367855 32160 69 1130496 0 0
1459947800700284 147 2370392 32528 69 1130496 0 0
1459947800716031 146 2371746 31764 69 1130496 0 0
1459947800729038 139 2365847 35307 69 1130496 0 0
1459947800743314 141 2362365 36363 69 1130496 0 0
1459947800757497 144 2362173 34269 69 1130496 0 0
1459947800772788 145 2363017 32918 69 1130496 0 0
1459947800787813 143 2361760 32038 69 1130496 0 0
1459947800801716 141 2358534 33059 69 1130496 0 0
1459947800816277 144 2358581 31036 69 1130496 0 0
1459947800832207 147 2361697 32017 69 1130496 0 0
1459947800847844 149 2366666 34674 69 1130496 0 0
1459947800862693 144 2366205 32937 69 1130496 0 0
1459947800878208 143 2364749 32242 69 1130496 0 0
1459947800894042 144 2364408 30545 69 1130496 0 0
1459947800909561 145 2365112 29295 69 1130496 0 0
1459947800925339 149 2369868 31923 69 1130496 0 0
1459947800940334 144 2369207 30546 69 1130496 0 0
1459947800955513 145 2369611 29015 69 1130496 0 0
1459947800969840 143 2367942 28765 69 1130496 0 0
1459947800984425 145 2368425 27420 69 1130496 0 0
1459947800999289 148 2371950 29011 69 1130496 0 0
1459947801014913 146 2373207 28375 69 1130496 0 0
1459947801028671 143 2371313 28376 69 1130496 0 0
1459947801040990 135 2361345 35946 69 1130496 0 0
1459947801056840 146 2363264 35499 69 1130496 0 0
1459947801071238 142 2360968 35432 69 1130496 0 0
1459947801087312 149 2365983 37919 69 1130496 0 0
1459947801101725 143 2364541 36900 69 1130496 0 0
1459947801117027 146 2366261 36205 69 1130496 0 0
1459947801130629 138 2359681 40110 69 1130496 0 0
1459947801145499 144 2359656 37625 69 1130496 0 0
1459947801160781 149 2364753 40051 69 1130496 0 0
1459947801175954 146 2366459 39147 69 1130496 0 0
1459947801191244 146 2368059 38200 69 1130496 0 0
1459947801205112 143 2366487 37285 69 1130496 0 0
1459947801220050 146 2368085 36452 69 1130496 0 0
1459947801235746 148 2371631 37498 69 1130496 0 0
1459947801250687 143 2369836 36836 69 1130496 0 0
1459947801265778 144 2369177 35150 69 1130496 0 0
1459947801281543 146 2370607 34294 69 1130496 0 0
1459947801297315 148 2373996 35327 69 1130496 0 0
1459947801312624 146 2375125 34177 69 1130496 0 0
1459947801327328 147 2377207 33992 69 1130496 0 0
1459947801342236 144 2376087 32916 69 1130496 0 0
1459947801357474 142 2372989 33761 69 1130496 0 0
1459947801372048 144 2372133 32452 69 1130496 0 0
1459947801386047 141 2368258 34055 69 1130496 0 0
1459947801402466 154 2368258 34055 69 1130496 0 1
1459947801418204 151 2374865 38120 69 1130496 0 0
1459947801434081 148 2377987 38664 69 1130496 0 0
1459947801448691 144 2376818 37342 69 1130496 0 0
1459947801463874 146 2377770 35901 69 1130496 0 0
1459947801479732 150 2382759 38334 69 1130496 0 0
1459947801494708 146 2383340 36483 69 1130496 0 0
1459947801509428 141 2378765 38490 69 1130496 0 0
1459947801525734 148 2381644 38783 69 1130496 0 0
1459947801540883 147 2383319 37929 69 1130496 0 0
1459947801556173 146 2383865 36070 69 1130496 0 0
1459947801570304 145 2383353 34294 69 1130496 0 0
1459947801583722 138 2375705 39319 69 1130496 0 0
1459947801599082 146 2376727 37819 69 1130496 0 0
1459947801614655 147 2378709 37313 69 1130496 0 0
1459947801629840 145 2378519 35157 69 1130496 0 0
1459947801643973 145 2378341 33125 69 1130496 0 0
1459947801658883 147 2380222 32818 69 1130496 0 0
1459947801673295 146 2380962 31459 69 1130496 0 0
1459947801689007 148 2383703 32062 69 1130496 0 0
1459947801702994 144 2382177 31488 69 1130496 0 0
1459947801718057 144 2380746 30860 69 1130496 0 0
1459947801733106 148 2383501 31514 69 1130496 0 0
1459947801747414 146 2384036 30045 69 1130496 0 0
1459947801760566 136 2374297 37296 69 1130496 0 0
1459947801774832 145 2374383 35046 69 1130496 0 0
1459947801789645 146 2375488 33891 69 1130496 0 0
1459947801804038 146 2376524 32743 69 1130496 0 0
1459947801818690 145 2376471 30745 69 1130496 0 0
1459947801833043 143 2374373 30789 69 1130496 0 0
1459947801846003 136 2365238 37427 69 1130496 0 0
1459947801860808 145 2365890 35698 69 1130496 0 0
1459947801875629 146 2367525 34999 69 1130496 0 0
1459947801889591 145 2368034 33288 69 1130496 0 0
1459947801902840 144 2367487 31718 69 1130496 0 0
1459947801917195 143 2365951 31174 69 1130496 0 0
1459947801931583 142 2363487 31534 69 1130496 0 0
1459947801945659 144 2363225 29808 69 1130496 0 0
1459947801961261 147 2366051 30594 69 1130496 0 0
1459947801976185 146 2367676 30205 69 1130496 0 0
